1,0,80021333694458,0,79857474565506,0,717450141906738,0,714638590812683,0,0,-1
1,0,800221621990204,0,798538684844971,0,717461287975311,0,714559435844421,0,0,-1
1,0,800193190574646,0,798708558082581,0,717419683933258,0,714909672737122,0,0,-1
1,0,800189971923828,0,798763632774353,0,717415392398834,0,715021133422852,0,0,-1
1,0,800188899040222,0,798791170120239,0,717414259910584,0,715075612068176,0,0,192033886909485,-1
1,0,800188839435577,0,798795521259308,0,71741908788681,0,715079188346863,0,0,290230482816696,-1
1,0,800195693969727,0,798780798912048,0,717406213283539,0,715071797370911,0,0,444256186485291,-1
1,0,800197243690491,0,798772275447845,0,717398166656494,0,715063095092773,0,0,510295152664185,-1
1,0,800202786922455,0,798725962638855,0,717405021190643,0,714975535869598,0,0,622342467308044,-1
1,0,800213992595673,0,798655271530151,0,716915667057037,0,715355455875397,0,0,762824058532715,-1
1,0,800225377082825,0,79864764213562,0,716375410556793,0,715899229049683,0,0,878369927406311,-1
1,0,800251841545105,0,798526644706726,0,716643273830414,0,715457022190094,0,0,942250728607178,-1
1,0,800261497497559,0,798529624938965,0,716567933559418,0,71555495262146,0,1,-1
1,0,800248861312866,0,79863715171814,0,716518819332123,0,71577775478363,0,1,-1
1,0,800286769866943,0,798500061035156,0,716530859470367,0,715588927268982,0,1,-1
1,0,800297498703003,0,798492431640625,0,716512739658356,0,715616524219513,0,1,-1
1,0,800283253192902,0,798621296882629,0,716419577598572,0,71591979265213,0,1,-1
1,0,800297975540161,0,798601388931274,0,716425061225891,0,715908586978912,0,1,-1
1,0,800316333770752,0,798513472080231,0,71643590927124,0,715773940086365,0,1,-1
1,0,800305008888245,0,798610389232636,0,716391861438751,0,715975522994995,0,1,-1
1,0,800310730934143,0,798620343208313,0,716356813907623,0,71604323387146,0,1,-1
1,0,800327301025391,0,798536419868469,0,716367840766907,0,71591192483902,0,1,-1
1,0,800315618515015,0,798629224300385,0,716320753097534,0,716107964515686,0,1,-1
1,0,800331592559814,0,798545360565186,0,716331243515015,0,715975880622864,0,1,-1
1,0,800319671630859,0,798635482788086,0,716283798217773,0,716166615486145,0,1,-1
1,0,800335049629211,0,798551142215729,0,716293811798096,0,716032922267914,0,1,-1
1,0,800337910652161,0,798553586006165,0,716256082057953,0,716082036495209,0,1,-1
1,0,800325572490692,0,798639118671417,0,716208696365356,0,716262578964233,0,1,-1
1,0,800339937210083,0,798553109169006,0,716218113899231,0,716123938560486,0,1,-1
1,0,800327301025391,0,798637211322784,0,716170787811279,0,716300904750824,0,1,-1
1,0,800341129302979,0,798550844192505,0,716179966926575,0,716160535812378,0,1,-1
1,0,800328016281128,0,798634231090546,0,716132581233978,0,71633505821228,0,1,-1
1,0,800341367721558,0,798547744750977,0,716141581535339,0,716193616390228,0,1,-1
1,0,800340533256531,0,798545002937317,0,716102719306946,0,716225385665894,0,1,-1
1,0,800326585769653,0,798628449440002,0,716054975986481,0,716398119926453,0,1,-1
1,0,800338685512543,0,798543334007263,0,71606320142746,0,716257393360138,0,1,-1
1,0,800324201583862,0,798627138137817,0,71601527929306,0,716430068016052,0,1,-1
1,0,800335645675659,0,798543214797974,0,716022968292236,0,716290771961212,0,1,-1
1,0,800320565700531,0,798627436161041,0,715974569320679,0,716463506221771,0,1,-1
1,0,800331234931946,0,798545002937317,0,715981543064117,0,716326236724854,0,1,-1
1,0,800325632095337,0,798548460006714,0,715938985347748,0,716363668441772,0,1,-1
1,0,800309598445892,0,798632919788361,0,715889692306519,0,716535866260529,0,1,-1
1,0,800302147865295,0,798637986183167,0,715845286846161,0,716574907302856,0,1,-1
1,0,800293385982513,0,798644423484802,0,715799391269684,0,716615617275238,0,1,-1
1,0,8003009557724,0,798567652702332,0,71580296754837,0,716486811637878,0,1,-1
1,0,800283253192902,0,798652291297913,0,715752005577087,0,716658115386963,0,1,-1
1,0,800290048122406,0,798576772212982,0,715754687786102,0,716531157493591,0,1,-1
1,0,80027174949646,0,798661768436432,0,715702950954437,0,71670264005661,0,1,-1
1,0,800258874893188,0,798672795295715,0,715652346611023,0,716749310493469,0,1,-1
1,0,800264179706573,0,798599720001221,0,715653300285339,0,716625988483429,0,1,-1
1,0,800244688987732,0,798685669898987,0,715600192546844,0,716798484325409,0,1,-1
1,0,800229072570801,0,798700332641602,0,715546309947968,0,71685004234314,0,1,-1
1,0,800232887268066,0,798629701137543,0,715545356273651,0,716730415821075,0,1,-1
1,0,800215125083923,0,798647582530975,0,715488791465759,0,716786623001099,0,1,-1
1,0,800193667411804,0,798735201358795,0,715433418750763,0,716960906982422,0,1,-1
1,0,800195932388306,0,798667192459106,0,715430498123169,0,716845154762268,0,1,-1
1,0,800173878669739,0,798755288124084,0,715374290943146,0,71701979637146,0,1,-1
1,0,800175249576569,0,798688530921936,0,715370237827301,0,716906130313873,0,1,-1
1,0,800152540206909,0,798776805400848,0,715313196182251,0,71708071231842,0,1,-1
1,0,800153136253357,0,798711359500885,0,715308129787445,0,716968953609467,0,1,-1
1,0,800129771232605,0,798799872398376,0,715250253677368,0,717143535614014,0,1,-1
1,0,800129532814026,0,798735618591309,0,715243935585022,0,717033624649048,0,1,-1
1,0,800105512142181,0,798824310302734,0,715185284614563,0,717208027839661,0,1,-1
1,0,800079703330994,0,798850059509277,0,715118169784546,0,717274308204651,0,1,-1
1,0,800077795982361,0,798788130283356,0,715109467506409,0,717167854309082,0,0,91983163356781,-1
1,0,800049185752869,0,798819601535797,0,715042233467102,0,717239499092102,0,1,-1
1,0,800018787384033,0,798854410648346,0,714969277381897,0,717319488525391,0,1,-1
1,0,799991965293884,0,798944234848022,0,714906811714172,0,717494606971741,0,1,-1
1,0,799987196922302,0,79888790845871,0,714893937110901,0,717397451400757,0,1,-1
1,0,79995983839035,0,798976302146912,0,714830756187439,0,717569530010223,0,1,-1
1,0,799954175949097,0,798920214176178,0,714816570281982,0,717472493648529,0,1,-1
1,0,799926102161407,0,799007773399353,0,714752376079559,0,717642784118652,0,1,-1
1,0,799919605255127,0,798952102661133,0,714736878871918,0,717546224594116,0,1,-1
1,0,799890697002411,0,799039781093597,0,714671432971954,0,717716455459595,0,1,-1
1,0,799883365631104,0,79898464679718,0,714654624462128,0,717620491981506,0,1,-1
1,0,799853563308716,0,799073398113251,0,714587867259979,0,717792212963104,0,1,-1
1,0,799814701080322,0,79910933971405,0,714501738548279,0,717871427536011,0,1,-1
1,0,799805581569672,0,799056172370911,0,714482486248016,0,717778205871582,0,1,-1
1,0,799773991107941,0,799148142337799,0,714413166046143,0,717954814434052,0,1,-1
1,0,799763977527618,0,799096345901489,0,71439266204834,0,717863738536835,0,1,-1
1,0,799731492996216,0,799189805984497,0,71432226896286,0,718042433261871,0,1,-1
1,0,799720525741577,0,799139738082886,0,714300572872162,0,71795392036438,0,1,-1
1,0,799687147140503,0,799234330654144,0,714229047298431,0,718134045600891,0,1,-1
1,0,799675226211548,0,799185991287231,0,714206099510193,0,718048214912415,0,1,-1
1,0,799641013145447,0,799281060695648,0,714133620262146,0,718228757381439,0,1,-1
1,0,799628078937531,0,799234569072723,0,714109301567078,0,718145728111267,0,1,-1
1,0,799593091011047,0,79932975769043,0,714035749435425,0,718326032161713,0,1,-1
1,0,79957902431488,0,799284934997559,0,714009940624237,0,718245685100555,0,1,-1
1,0,799543261528015,0,799380004405975,0,713935375213623,0,718425333499908,0,1,-1
1,0,799528181552887,0,799336731433868,0,713907957077026,0,718347370624542,0,1,-1
1,0,79949152469635,0,799431681632996,0,713832259178162,0,718526542186737,0,1,-1
1,0,799475371837616,0,799389839172363,0,713803172111511,0,718450784683228,0,1,-1
1,0,799437820911407,0,799484848976135,0,713726162910461,0,718629598617554,0,1,-1
1,0,799420595169067,0,799444317817688,0,713695526123047,0,718555927276611,0,1,-1
1,0,799382209777832,0,799539625644684,0,713617086410522,0,718734979629517,0,1,-1
1,0,799363851547241,0,799500346183777,0,713584721088409,0,718663334846497,0,1,-1
1,0,799324512481689,0,79959625005722,0,713504910469055,0,718843042850494,0,1,-1
1,0,79926472902298,0,799654960632324,0,71338963508606,0,718954145908356,0,1,-1
1,0,799244284629822,0,799618244171143,0,713354170322418,0,718886375427246,0,1,-1
1,0,799181461334229,0,799680590629578,0,713234305381775,0,719002902507782,0,1,-1
1,0,799139142036438,0,799779176712036,0,713150084018707,0,719186186790466,0,1,-1
1,0,799073159694672,0,799844861030579,0,713025808334351,0,719307243824005,0,1,-1
1,0,799049377441406,0,799812734127045,0,712985515594482,0,719246447086334,0,1,-1
1,0,799005091190338,0,799912810325623,0,712898552417755,0,719431459903717,0,1,-1
1,0,798980236053467,0,799882233142853,0,712856650352478,0,719373106956482,0,1,-1
1,0,798934936523438,0,799982905387878,0,712768316268921,0,719558656215668,0,1,-1
1,0,798908889293671,0,799953937530518,0,712724685668945,0,719502806663513,0,1,-1
1,0,79886257648468,0,800055146217346,0,712634980678558,0,719688653945923,0,1,-1
1,0,798835396766663,0,80002772808075,0,712589740753174,0,719635188579559,0,1,-1
0,0013090968132019,0,798788011074066,0,800129354000092,0,712498545646667,0,719821453094482,0,1,-1
0,00535333156585693,0,798759579658508,0,800103545188904,0,712451457977295,0,719770431518555,0,1,-1
0,00967466831207275,0,798711240291595,0,800205647945404,0,712358713150024,0,719957113265991,0,1,-1
0,0181735754013062,0,798632144927979,0,800284087657928,0,712215602397919,0,720095753669739,0,1,-1
0,0223549008369446,0,798601388931274,0,800261318683624,0,71216493844986,0,720049381256104,0,1,-1
0,0268048048019409,0,79855078458786,0,80036473274231,0,712069034576416,0,720237612724304,0,1,-1
0,0310538411140442,0,798518776893616,0,800343573093414,0,712016582489014,0,720193684101105,0,1,-1
0,0355669260025024,0,79846715927124,0,800447702407837,0,711919069290161,0,720382809638977,0,1,-1
0,039883017539978,0,798433899879456,0,800428152084351,0,711864709854126,0,720341324806213,0,1,-1
0,044459342956543,0,798381209373474,0,8005331158638,0,711765587329865,0,720531344413757,0,1,-1
0,0534814596176147,0,798292756080627,0,800620973110199,0,711608648300171,0,720683515071869,0,1,-1
0,0579309463500977,0,798256993293762,0,800604701042175,0,711550533771515,0,720647096633911,0,1,-1
0,062633216381073,0,79820191860199,0,800711393356323,0,711448132991791,0,720839262008667,0,1,-1
0,0671495199203491,0,798164904117584,0,800696790218353,0,711388170719147,0,72080534696579,0,1,-1
0,0719146728515625,0,798108696937561,0,800804257392883,0,711284101009369,0,720998346805573,0,1,-1
0,081326961517334,0,798013091087341,0,800899505615234,0,711116552352905,0,72116094827652,0,1,-1
0,0859781503677368,0,797973394393921,0,800888419151306,0,711052775382996,0,721132397651672,0,1,-1
0,0908699035644531,0,797914922237396,0,800997316837311,0,71094536781311,0,721327066421509,0,1,-1
0,0955885648727417,0,797873973846436,0,800987839698792,0,710879683494568,0,721300959587097,0,1,-1
0,100544333457947,0,797814309597015,0,801097512245178,0,710770547389984,0,72149646282196,0,1,-1
0,105330646038055,0,797771990299225,0,801089882850647,0,710702836513519,0,721473217010498,0,1,-1
0,110349774360657,0,797711074352264,0,801200330257416,0,710592031478882,0,721669554710388,0,1,-1
0,115204036235809,0,797667443752289,0,801194429397583,0,710522294044495,0,721648931503296,0,1,-1
0,120286464691162,0,797605276107788,0,801305651664734,0,710409581661224,0,721846222877502,0,1,-1
0,125208377838135,0,797560334205627,0,8013014793396,0,710337936878204,0,721828281879425,0,1,-1
0,130604863166809,0,797505259513855,0,801331579685211,0,710291981697083,0,721838116645813,0,1,-1
0,13615095615387,0,797448635101318,0,801371514797211,0,710237741470337,0,721868813037872,0,1,-1
0,146467864513397,0,797324001789093,0,801545858383179,0,710028648376465,0,722172021865845,0,1,-1
0,151479244232178,0,797240734100342,0,801778376102448,0,709842026233673,0,722622990608215,0,1,-1
0,156370341777802,0,79720139503479,0,801737189292908,0,709832072257996,0,722492575645447,0,1,-1
0,161713480949402,0,797145485877991,0,801799297332764,0,70977908372879,0,722557365894318,0,1,-1
0,167298436164856,0,797088146209717,0,801863431930542,0,709725081920624,0,722623944282532,0,1,-1
0,17285031080246,0,797044575214386,0,801831364631653,0,709687232971191,0,722526013851166,0,1,-1
0,178211033344269,0,79696524143219,0,8020259141922,0,709495902061462,0,722916603088379,0,1,-1
0,188587784767151,0,796842455863953,0,802194595336914,0,709272563457489,0,723213613033295,0,1,-1
0,193643391132355,0,79680198431015,0,802149176597595,0,709254443645477,0,723078370094299,0,1,-1
0,199153780937195,0,796744406223297,0,802208423614502,0,709197223186493,0,723136603832245,0,1,-1
0,204902648925781,0,796685099601746,0,8022700548172,0,70913827419281,0,723197937011719,0,1,-1
0,210646986961365,0,796638071537018,0,802243590354919,0,709093928337097,0,723108947277069,0,1,-1
0,216196835041046,0,796555995941162,0,802437722682953,0,708897531032562,0,72349739074707,0,1,-1
0,221650004386902,0,796513080596924,0,802383780479431,0,708866119384766,0,723354697227478,0,1,-1
0,227497220039368,0,796454668045044,0,802424967288971,0,708802938461304,0,723384320735931,0,1,-1
0,233091950416565,0,796365022659302,0,802662968635559,0,708595216274261,0,7238489985466,0,1,-1
0,238471388816834,0,796325743198395,0,802582263946533,0,708573043346405,0,72365665435791,0,1,-1
0,244339823722839,0,796265125274658,0,802635669708252,0,708508253097534,0,723706364631653,0,1,-1
0,250420093536377,0,796202480792999,0,802694082260132,0,70844179391861,0,723763346672058,0,1,-1
0,256469547748566,0,796152830123901,0,802660405635834,0,708391666412354,0,723662257194519,0,1,-1
0,262343883514404,0,796067476272583,0,802852153778076,0,708188831806183,0,72404670715332,0,1,-1
0,2680743932724,0,796020448207855,0,802801549434662,0,708139061927795,0,723920345306396,0,1,-1
0,273770928382874,0,795929372310638,0,803034901618958,0,707920491695404,0,724383890628815,0,1,-1
0,279351949691772,0,795880615711212,0,803000271320343,0,707878410816193,0,724276840686798,0,1,-1
0,291585206985474,0,795747697353363,0,803142428398132,0,707740008831024,0,724429845809937,0,1,-1
0,297795176506042,0,795693039894104,0,803125500679016,0,707685828208923,0,724355220794678,0,1,-1
0,303838968276978,0,795603394508362,0,803330063819885,0,70747971534729,0,724758923053741,0,1,-1
0,309774160385132,0,795551896095276,0,803292632102966,0,707426488399506,0,724652767181396,0,1,-1
0,315677165985107,0,795457065105438,0,803533792495728,0,707205772399902,0,725126564502716,0,1,-1
0,321507036685944,0,795404136180878,0,803509414196014,0,707160949707031,0,725034534931183,0,1,-1
0,327735662460327,0,79533576965332,0,803580045700073,0,707090318202972,0,725109159946442,0,1,-1
0,334167957305908,0,795265674591064,0,803653419017792,0,707017481327057,0,725188136100769,0,1,-1
0,340624034404755,0,795206069946289,0,803652048110962,0,706859648227692,0,725139379501343,0,1,-1
0,3472700715065,0,795141398906708,0,803673028945923,0,705794095993042,0,725131869316101,0,1,-1
0,353696763515472,0,795045852661133,0,803889811038971,0,702333569526672,0,725555539131165,0,1,-1
0,359927415847778,0,794993937015533,0,803831517696381,0,689428508281708,0,725425183773041,0,1,-1
0,366170704364777,0,794896304607391,0,804068386554718,0,11447685956955,0,725895047187805,0,1,-1
0,378823161125183,0,794768095016479,0,804115355014801,0,132294535636902,0,725886046886444,0,1,-1
0,385527551174164,0,794693946838379,0,804193735122681,0,141290307044983,0,725971221923828,0,1,-1
0,392212331295013,0,794632911682129,0,804180324077606,0,150332629680634,0,725898683071136,0,1,-1
0,398760497570038,0,794536769390106,0,804388880729675,0,159654438495636,0,726304054260254,0,1,-1
0,40519118309021,0,794477939605713,0,804360151290894,0,168790817260742,0,726217746734619,0,1,-1
0,411610901355743,0,794375896453857,0,804609417915344,0,178215861320496,0,726707994937897,0,0630479976534843,1,-1
0,417946755886078,0,79432201385498,0,804580986499786,0,187342643737793,0,726593732833862,0,125082299113274,1,-1
0,424642980098724,0,79426908493042,0,804611325263977,0,196385562419891,0,72652280330658,0,174115806818008,1,-1
0,424642980098724,0,79426908493042,0,804611325263977,0,196385562419891,0,72652280330658,0,223482310771942,1,-1
0,431492209434509,0,794248402118683,0,804567694664001,0,205187261104584,0,726217210292816,0,270737111568451,1,-1
0,438454866409302,0,794274628162384,0,804419040679932,0,213623523712158,0,725577473640442,0,320852100849152,1,-1
0,445185542106628,0,794334888458252,0,8043172955513,0,221750140190125,0,724908053874969,0,376929312944412,1,-1
0,451431632041931,0,794472396373749,0,804057240486145,0,229381203651428,0,723790168762207,0,43825352191925,1,-1
0,458005726337433,0,794696509838104,0,803600311279297,0,235910534858704,0,721866250038147,0,506117403507233,1,-1
0,465110003948212,0,794953405857086,0,80313515663147,0,241510093212128,0,719596982002258,0,569245219230652,1,-1
0,471745312213898,0,795327723026276,0,802459836006165,0,246239304542542,0,716578841209412,0,508879244327545,1,-1
0,478861629962921,0,795734763145447,0,801870107650757,0,250108778476715,0,713408887386322,0,436396539211273,1,-1
0,492436647415161,0,796754240989685,0,800440669059753,0,255296230316162,0,705556273460388,0,367809355258942,1,-1
0,492436647415161,0,796754240989685,0,800440669059753,0,255296230316162,0,705556273460388,0,315789341926575,1,-1
0,498749077320099,0,797333180904388,0,799656093120575,0,256764709949493,0,701025247573853,0,269125252962112,1,-1
0,505232691764832,0,79790323972702,0,798994779586792,0,257782280445099,0,696551740169525,0,216502249240875,1,-1
0,511372804641724,0,798516094684601,0,798235058784485,0,258374392986298,0,691647350788116,0,163180246949196,1,-1
0,517701506614685,0,799090445041656,0,797672510147095,0,25881040096283,0,687093615531921,0,221952646970749,1,-1
0,52368026971817,0,799704790115356,0,797001838684082,0,258991241455078,0,682145595550537,0,295960247516632,1,-1
0,5303835272789,0,800348281860352,0,796060800552368,0,257563948631287,0,675871849060059,0,346518039703369,1,-1
0,536606848239899,0,801113128662109,0,79438704252243,0,255215466022491,0,667950987815857,0,273774325847626,1,-1
0,549311995506287,0,802728414535522,0,790729224681854,0,249490141868591,0,654666185379028,0,19342052936554,1,-1
0,555677652359009,0,803508520126343,0,789048671722412,0,246397376060486,0,65051007270813,0,264017134904861,1,-1
0,561693668365479,0,804336130619049,0,78720360994339,0,242951810359955,0,647514045238495,0,328661739826202,1,-1
0,567544937133789,0,80518513917923,0,785233199596405,0,239101529121399,0,644338130950928,0,380825132131577,1,-1
0,573168814182281,0,806095004081726,0,783075928688049,0,234607040882111,0,642368137836456,0,431632518768311,1,-1
0,573168814182281,0,806095004081726,0,783075928688049,0,234607040882111,0,642368137836456,0,481139719486237,1,-1
0,578862607479095,0,807020783424377,0,780851602554321,0,229214906692505,0,641744673252106,0,527152836322784,1,-1
0,584147334098816,0,80789440870285,0,778214991092682,0,222443699836731,0,640351474285126,0,576934814453125,1,-1
0,589973509311676,0,808591604232788,0,774945139884949,0,212517619132996,0,63901549577713,0,627088189125061,1,-1
0,595140278339386,0,809381663799286,0,77112877368927,0,200266718864441,0,638656258583069,0,679835379123688,1,-1
0,600318312644959,0,809634685516357,0,767097055912018,0,18528139591217,0,638151526451111,0,732543587684631,1,-1
0,600318312644959,0,809634685516357,0,767097055912018,0,18528139591217,0,638151526451111,0,781050860881805,1,-1
0,604511201381683,0,809872627258301,0,76243269443512,0,166405975818634,0,637880563735962,0,827249050140381,1,-1
0,608579397201538,0,810174524784088,0,757319986820221,0,143104732036591,0,638979077339172,0,885281324386597,1,-1
0,612411558628082,0,810118913650513,0,751859903335571,0,115553557872772,0,639758467674255,0,943038523197174,1,-1
0,61609160900116,0,809847772121429,0,746456980705261,0,0822356939315796,0,642367959022522,1,1,-1
0,618916749954224,0,80965131521225,0,740553498268127,0,0407975912094116,0,645943582057953,1,1,-1
0,621713280677795,0,809466481208801,0,734290182590485,1,0,64946985244751,1,1,-1
0,623457431793213,0,80916041135788,0,72738641500473,1,0,654581964015961,1,1,-1
0,62422901391983,0,808996319770813,0,719540953636169,1,0,659609794616699,1,1,-1
0,62422901391983,0,808996319770813,0,719540953636169,1,0,659609794616699,1,1,-1
0,624296307563782,0,808889865875244,0,712116777896881,1,0,664212703704834,1,1,-1
0,6242755651474,0,808716356754303,0,70453405380249,1,0,671851634979248,1,1,-1
0,621614396572113,0,808842778205872,0,69870001077652,0,0216140747070313,0,677787005901337,1,1,-1
0,61908620595932,0,808821380138397,0,692686319351196,0,00396126508712769,0,684778571128845,1,1,-1
0,615244388580322,0,808812856674194,0,688844084739685,0,0816012620925903,0,691474318504334,1,1,-1
0,615244388580322,0,808812856674194,0,688844084739685,0,0816012620925903,0,691474318504334,1,1,-1
0,610906302928925,0,808678269386292,0,685308456420898,0,0564451217651367,0,698099970817566,1,1,-1
0,604398250579834,0,808500170707703,0,683531045913696,0,0661962628364563,0,703926801681519,1,1,-1
0,596860587596893,0,808237075805664,0,682357430458069,0,0503283739089966,0,709284067153931,1,1,-1
0,586919903755188,0,807894766330719,0,682451367378235,0,0535033941268921,0,713915586471558,1,1,-1
0,575938284397125,0,807456970214844,0,68372118473053,0,0206409692764282,0,718112587928772,1,1,-1
0,561735808849335,0,8067467212677,0,685696840286255,0,02250736951828,0,721500337123871,1,1,-1
0,545889616012573,0,805854141712189,0,689271450042725,1,0,724410831928253,1,1,-1
0,525705397129059,0,804780006408691,0,693100810050964,1,0,726495981216431,0,942326486110687,1,-1
0,503007829189301,0,803596317768097,0,698908448219299,0,397046566009521,0,728076100349426,0,878800272941589,1,-1
0,474438726902008,0,80221700668335,0,704514265060425,0,470239222049713,0,728838562965393,0,827398538589478,1,-1
0,442045629024506,0,800751745700836,0,712488532066345,0,524369657039642,0,729110777378082,0,776121318340302,1,-1
0,401410579681396,0,798608660697937,0,719543755054474,0,566593289375305,0,728602886199951,0,727032899856567,1,-1
0,401410579681396,0,798608660697937,0,719543755054474,0,566593289375305,0,728602886199951,0,677489101886749,1,-1
0,354718089103699,0,796273171901703,0,72754180431366,0,599714517593384,0,727650284767151,0,630740702152252,1,-1
0,295990109443665,0,793689370155334,0,734504997730255,0,626745045185089,0,726002037525177,0,576393902301788,1,-1
0,227089941501617,0,791122078895569,0,740715503692627,0,648726224899292,0,723974227905273,0,515967607498169,1,-1
0,132533729076386,0,786348879337311,0,745463490486145,0,668330132961273,0,720307588577271,0,448918521404266,1,-1
0,0248062014579773,0,774956226348877,0,753414034843445,0,697895765304565,0,712219834327698,0,366874516010284,1,-1
0,0248062014579773,0,774956226348877,0,753414034843445,0,697895765304565,0,712219834327698,0,31114861369133,1,-1
0,00341367721557617,0,76707512140274,0,756904482841492,0,709296047687531,0,708076119422913,0,264839708805084,1,-1
1,0,757918059825897,0,759817600250244,0,719129025936127,0,703457593917847,0,213331803679466,1,-1
1,0,748175501823425,0,762525856494904,0,72747927904129,0,698963165283203,0,163202404975891,1,-1
1,0,735909461975098,0,764938473701477,0,734762072563171,0,694359481334686,0,111857399344444,1,-1
1,0,716612815856934,0,766661047935486,0,74148029088974,0,68882167339325,0,0535992011427879,1,-1
1,0,683306813240051,0,768170595169067,0,747411370277405,0,683263719081879,0,00295380502939224,1,-1
1,0,683306813240051,0,768170595169067,0,747411370277405,0,683263719081879,0,1,-1
1,0,568961501121521,0,76906418800354,0,752794563770294,0,676873683929443,0,1,-1
1,1,0,769897162914276,0,757491111755371,0,670781433582306,0,1,-1
0,00266188383102417,1,0,770303189754486,0,761757612228394,0,664144933223724,0,1,-1
0,0081365704536438,0,78650438785553,0,770713031291962,0,765504837036133,0,657943964004517,0,1,-1
0,0127530097961426,0,794788479804993,0,770800948143005,0,768944144248962,0,651361405849457,0,1,-1
0,0177980661392212,0,800106287002563,0,770932018756866,0,772001802921295,0,645310640335083,0,1,-1
0,0221320986747742,0,804973363876343,0,770795524120331,0,774851500988007,0,638964593410492,0,0854160040616989,1,-1
0,0269454717636108,0,809254765510559,0,770710170269012,0,777453660964966,0,633126258850098,0,163375496864319,1,-1
0,0310932397842407,0,812572836875916,0,770325839519501,0,779997110366821,0,626754701137543,0,227404192090034,1,-1
0,0418378710746765,0,817909598350525,0,767819941043854,0,786526262760162,0,60689914226532,0,289872884750366,1,-1
0,0418378710746765,0,817909598350525,0,767819941043854,0,786526262760162,0,60689914226532,0,343194276094437,1,-1
0,0456662178039551,0,820124983787537,0,766456604003906,0,789588928222656,0,596710920333862,0,392539173364639,1,-1
0,0487577319145203,0,822014689445496,0,764829754829407,0,792671084403992,0,585611343383789,0,333556771278381,1,-1
0,0520756840705872,0,823557257652283,0,763093054294586,0,795757591724396,0,574047923088074,0,270147860050201,1,-1
0,0547472238540649,0,825167417526245,0,760990917682648,0,798915266990662,0,560993134975433,0,220903754234314,1,-1
0,0581527948379517,0,826076030731201,0,758954465389252,0,802033364772797,0,547989666461945,0,173378348350525,1,-1
0,0585444569587708,0,827115774154663,0,756554186344147,0,805192351341248,0,533376157283783,0,123311050236225,1,-1
0,0536276698112488,0,827966451644897,0,7542684674263,0,808280825614929,0,519045233726501,0,0688100457191467,1,-1
1,0,828762412071228,0,751735985279083,0,811361074447632,0,503509163856506,0,00365664809942245,1,-1
1,0,829604029655457,0,749391615390778,0,814335703849792,0,488747239112854,0,1,-1
1,0,830545008182526,0,746911644935608,0,817267000675201,0,473320305347443,-0,0710994005203247,1,-1
1,0,831536293029785,0,744681358337402,0,820077359676361,0,459204077720642,-0,123602703213692,1,-1
1,0,832622706890106,0,742430567741394,0,822812736034393,0,4451904296875,-0,173288404941559,1,-1
1,0,833762764930725,0,740507900714874,0,825407326221466,0,433253884315491,-0,223735213279724,1,-1
1,0,834995031356812,0,738672614097595,0,827901363372803,0,422280192375183,-0,27507421374321,1,-1
1,0,836363434791565,0,735183477401733,0,830959558486938,0,401628375053406,-0,327923119068146,1,-1
0,569885313510895,0,837757587432861,0,732383966445923,0,833726406097412,0,384889245033264,-0,376869320869446,1,-1
0,569885313510895,0,837757587432861,0,732383966445923,0,833726406097412,0,384889245033264,-0,427242010831833,1,-1
0,589962124824524,0,839248776435852,0,728740274906158,0,836777806282043,0,362463355064392,-0,47409600019455,1,-1
0,604796409606934,0,840766251087189,0,725849509239197,0,839485645294189,0,345057845115662,-0,525277197360992,1,-1
0,614948868751526,0,842375576496124,0,723278164863586,0,841921508312225,0,331306278705597,-0,576947689056396,1,-1
0,621716618537903,0,844062507152557,0,7213054895401,0,844091176986694,0,323842465877533,-0,627796471118927,1,-1
0,625606238842011,0,845686435699463,0,720085501670837,0,845865368843079,0,323510766029358,-0,686240375041962,1,-1
0,632314443588257,0,847429931163788,0,717708885669708,0,847952365875244,0,31769722700119,-0,748925685882568,1,-1
0,641694188117981,0,849487960338593,0,715134680271149,0,850360751152039,0,311003506183624,-0,814885795116425,1,-1
0,64870822429657,0,851585984230042,0,712516009807587,0,852607727050781,0,308982849121094,-0,864684283733368,1,-1
0,64870822429657,0,851585984230042,0,712516009807587,0,852607727050781,0,308982849121094,-0,915503680706024,1,-1
0,651460587978363,0,853381097316742,0,711402952671051,0,854110360145569,0,313386082649231,-0,961190402507782,1,-1
0,650354027748108,0,855455875396729,0,710197448730469,0,855643332004547,0,318077385425568,-1,1,-1
0,650376796722412,0,857834160327911,0,709091901779175,0,857299089431763,0,323895394802094,-1,1,-1
1,0,860632061958313,0,707468688488007,0,859094977378845,0,32934844493866,-1,1,-1
1,0,863009572029114,0,707254528999329,0,860099017620087,0,340040802955627,-1,1,-1
1,0,863009572029114,0,707254528999329,0,860099017620087,0,340040802955627,-1,1,-1
1,0,86511904001236,0,707799971103668,0,860461592674255,0,355079472064972,-1,1,-1
1,0,867355406284332,0,70855987071991,0,860673666000366,0,374331474304199,-1,1,-1
1,0,869701206684113,0,709169507026672,0,860726058483124,0,393697917461395,-1,1,-1
1,0,871956706047058,0,710110485553741,0,860437512397766,0,416413545608521,-1,1,-1
0,236055076122284,0,874141812324524,0,7109055519104,0,859835624694824,0,440128684043884,-1,1,-1
0,259230315685272,0,876087248325348,0,711927533149719,0,858740091323853,0,463372528553009,-1,1,-1
0,284262895584106,0,879349887371063,0,713720440864563,0,855110585689545,0,507412791252136,-1,1,-1
0,295223236083984,0,880519270896912,0,714561939239502,0,852334141731262,0,52790230512619,-1,1,-1
0,305825054645538,0,881260931491852,0,715353727340698,0,848680853843689,0,547200679779053,-1,1,-1
0,315356552600861,0,881700694561005,0,715998113155365,0,844279527664185,0,565283894538879,-1,1,-1
0,324381113052368,0,881647229194641,0,716562390327454,0,838690280914307,0,582263946533203,-1,1,-1
0,332123279571533,0,8814817070961,0,716853797435761,0,832428514957428,0,59809410572052,-1,1,-1
0,33893883228302,0,880939304828644,0,716967582702637,0,824844360351563,0,612939119338989,-1,1,-1
0,345008313655853,0,880221843719482,0,716762185096741,0,816308438777924,0,626660585403442,-0,941963195800781,1,-1
0,349827349185944,0,879023373126984,0,716353833675385,0,80584329366684,0,639512300491333,-0,880206704139709,1,-1
0,355305254459381,0,877581775188446,0,715602159500122,0,79396378993988,0,651307046413422,-0,830004096031189,1,-1
0,360979318618774,0,875588178634644,0,71462619304657,0,778507232666016,0,662302613258362,0,1,-1
0,380580127239227,0,870835483074188,0,711845338344574,1,0,680981397628784,0,0812027975916862,1,-1
0,392036497592926,0,868175268173218,0,710166811943054,1,0,688778638839722,0,143952295184135,1,-1
0,392036497592926,0,868175268173218,0,710166811943054,1,0,688778638839722,0,192374393343925,1,-1
0,40536630153656,0,865220665931702,0,708453238010406,1,0,695789158344269,0,240327596664429,1,-1
0,418530583381653,0,862322866916656,0,70668625831604,1,0,701951265335083,0,289771199226379,1,-1
0,434313297271729,0,858673810958862,0,705171287059784,1,0,707869112491608,0,340298414230347,1,-1
0,449379205703735,0,854804158210754,0,703778207302094,0,356702327728271,0,713298976421356,0,390138626098633,1,-1
0,464958071708679,0,850439846515656,0,70276951789856,0,394267678260803,0,718443810939789,0,440373033285141,1,-1
0,464958071708679,0,850439846515656,0,70276951789856,0,394267678260803,0,718443810939789,0,491847336292267,1,-1
0,48070216178894,0,846092939376831,0,701536536216736,0,408373236656189,0,722636640071869,0,540336608886719,1,-1
0,495613396167755,0,841516017913818,0,70119035243988,0,419574677944183,0,72699099779129,0,58841073513031,1,-1
0,5085808634758,0,837231874465942,0,700227856636047,0,430247008800507,0,73052191734314,0,637122929096222,1,-1
0,521979629993439,0,832880139350891,0,70009458065033,0,43973183631897,0,734044790267944,0,687421798706055,1,-1
0,533007025718689,0,828186750411987,0,700360417366028,0,448587596416473,0,737245678901672,0,738194704055786,1,-1
0,542223453521729,0,82136857509613,0,701282978057861,0,456913948059082,0,740335285663605,0,805857598781586,1,-1
0,549535036087036,0,809392511844635,0,703764081001282,0,464473903179169,0,743437230587006,0,864628195762634,1,-1
0,555295825004578,0,226420938968658,0,707289814949036,0,471472382545471,0,746426939964294,0,929929196834564,1,-1
0,559484302997589,0,225082159042358,0,711309671401978,0,478026747703552,0,749084234237671,0,983152508735657,1,-1
0,559484302997589,0,225082159042358,0,711309671401978,0,478026747703552,0,749084234237671,1,1,-1
0,562089323997498,0,225626587867737,0,71574342250824,0,484130024909973,0,751340448856354,1,1,-1
0,56379497051239,0,22783887386322,0,720621824264526,0,48979115486145,0,7532759308815,1,1,-1
0,565917670726776,0,231483638286591,0,725512802600861,0,4950110912323,0,754659950733185,1,1,-1
0,566954433917999,0,23633599281311,0,730359435081482,0,49975973367691,0,75548130273819,1,1,-1
0,566954433917999,0,23633599281311,0,730359435081482,0,49975973367691,0,75548130273819,1,1,-1
0,567431926727295,0,242063879966736,0,735501170158386,0,504014670848846,0,756057918071747,1,1,-1
0,569427847862244,0,247243225574493,0,740795850753784,0,508174061775208,0,756908237934113,1,1,-1
0,572944283485413,0,252224028110504,0,746058106422424,0,512146711349487,0,757745683193207,1,1,-1
0,574816823005676,0,258143782615662,0,750710248947144,0,515397012233734,0,757518291473389,1,1,-1
0,576237559318542,0,26441901922226,0,75543600320816,0,517991602420807,0,75696063041687,1,1,-1
0,578980088233948,0,270890176296234,0,759457230567932,0,519883155822754,0,755396366119385,1,1,-1
0,578980088233948,0,270890176296234,0,759457230567932,0,519883155822754,0,755396366119385,1,1,-1
0,584693968296051,0,283244729042053,0,768266677856445,0,521844983100891,0,75241607427597,1,1,-1
0,589030563831329,0,290727317333221,0,772052049636841,0,521466970443726,0,749749064445496,1,1,-1
0,592136800289154,0,298214018344879,0,774903297424316,0,51806652545929,0,745642960071564,1,1,-1
0,596404016017914,0,309090375900269,0,777528285980225,0,500048935413361,0,740910053253174,1,1,-1
0,601674854755402,0,319450259208679,0,779737293720245,1,0,735368013381958,1,1,-1
0,60690051317215,0,33315247297287,0,781947076320648,1,0,729499459266663,1,1,-1
0,613241910934448,0,348317444324493,0,782997727394104,1,0,721292614936829,1,1,-1
0,619869291782379,0,36633288860321,0,783641278743744,1,0,713287472724915,1,1,-1
0,626136064529419,0,387916445732117,0,783716022968292,0,0011211633682251,0,70514988899231,1,1,-1
0,640064239501953,0,442366719245911,0,782986402511597,0,0753510594367981,0,694029033184052,1,1,-1
0,640064239501953,0,442366719245911,0,782986402511597,0,0753510594367981,0,694029033184052,1,1,-1
0,650699198246002,0,58658766746521,0,77854323387146,0,138476669788361,0,685046255588531,1,1,-1
0,655567049980164,0,646109998226166,0,775597929954529,0,165369510650635,0,682502865791321,1,1,-1
0,659524083137512,0,68333113193512,0,771841883659363,0,189667820930481,0,680945932865143,1,1,-1
0,662354230880737,0,708527326583862,0,767872989177704,0,211412250995636,0,680368065834045,1,1,-1
0,664406895637512,0,72685307264328,0,763082921504974,0,231053471565247,0,681425392627716,1,1,-1
0,666553974151611,0,740256547927856,0,7577965259552,0,248721241950989,0,682256042957306,0,944540500640869,1,-1
0,667928993701935,0,750970661640167,0,751428484916687,0,264754414558411,0,685414791107178,0,880946815013886,1,-1
0,668719232082367,0,758671224117279,0,744894087314606,0,279068231582642,0,688467621803284,0,831094026565552,1,-1
0,668512105941772,0,76410186290741,0,739102005958557,0,291934192180634,0,692705392837524,0,778806746006012,1,-1
0,668389201164246,0,767074823379517,0,732707142829895,0,303397357463837,0,69769948720932,0,727408945560455,1,-1
0,668389201164246,0,767074823379517,0,732707142829895,0,303397357463837,0,69769948720932,0,678348422050476,1,-1
0,66722297668457,0,769477963447571,0,728541016578674,0,313606917858124,0,702355980873108,0,632910430431366,1,-1
0,665242314338684,0,77111554145813,0,724441528320313,0,322598934173584,0,709041237831116,0,584190428256989,1,-1
0,663611769676209,0,771882295608521,0,72157895565033,0,330548644065857,0,715520977973938,0,531939148902893,1,-1
0,661349356174469,0,772495746612549,0,719762563705444,0,337582349777222,0,72165310382843,0,473888546228409,1,-1
0,656069099903107,0,772793412208557,0,717924356460571,0,343725621700287,0,728500425815582,0,414304047822952,1,-1
0,00962817668914795,0,77291738986969,0,718437075614929,0,350517570972443,0,734691739082336,0,351900458335876,1,-1
0,0502265095710754,0,772558867931366,0,718898236751556,0,356857419013977,0,740633189678192,0,302031457424164,1,-1
0,0502265095710754,0,772558867931366,0,718898236751556,0,356857419013977,0,740633189678192,0,252378165721893,1,-1
0,085138201713562,0,772107720375061,0,719766497612,0,363821744918823,0,746200859546661,0,205227166414261,1,-1
0,117858409881592,0,771704196929932,0,721964418888092,0,372030854225159,0,751100063323975,0,155970469117165,1,-1
0,146215915679932,0,771319150924683,0,723359882831573,0,379557371139526,0,75532478094101,0,105400964617729,1,-1
0,172390937805176,0,770874321460724,0,725641250610352,0,388521075248718,0,759325504302979,0,0559318661689758,1,-1
0,195371925830841,0,770448744297028,0,728654623031616,0,397264659404755,0,762808084487915,0,00633616745471954,1,-1
0,195371925830841,0,770448744297028,0,728654623031616,0,397264659404755,0,762808084487915,0,1,-1
0,216770112514496,0,769952416419983,0,731511175632477,0,405130743980408,0,766344606876373,0,1,-1
0,235560059547424,0,76949405670166,0,734813153743744,0,413355231285095,0,76951140165329,0,1,-1
0,253131210803986,0,769006431102753,0,73944216966629,0,421735167503357,0,772792518138886,0,1,-1
0,268719136714935,0,768580615520477,0,74348509311676,0,429344713687897,0,775821805000305,0,1,-1
0,268719136714935,0,768580615520477,0,74348509311676,0,429344713687897,0,775821805000305,0,1,-1
0,283459603786469,0,768061101436615,0,747559010982513,0,436201155185699,0,778999745845795,0,1,-1
0,296638190746307,0,767334342002869,0,753374397754669,0,44250351190567,0,781984210014343,0,1,-1
0,309174954891205,0,766573369503021,0,759024143218994,0,448253273963928,0,785136938095093,0,1,-1
0,320505023002625,0,765872120857239,0,764154016971588,0,45433384180069,0,7881178855896,0,0584235042333603,1,-1
0,341599524021149,0,76382851600647,0,775362193584442,0,465271830558777,0,794225215911865,0,126499801874161,1,-1
0,341599524021149,0,76382851600647,0,775362193584442,0,465271830558777,0,794225215911865,0,178253397345543,1,-1
0,351702153682709,0,762586891651154,0,780958712100983,0,47021484375,0,797305405139923,0,226511090993881,1,-1
0,360747992992401,0,761382222175598,0,785877466201782,0,475071132183075,0,799933791160584,0,276833981275558,1,-1
0,370147109031677,0,75958240032196,0,790805459022522,0,479785799980164,0,802680373191834,0,327532768249512,1,-1
0,379027247428894,0,75794780254364,0,795289754867554,0,484554648399353,0,805094003677368,0,379730969667435,1,-1
0,388393461704254,0,756214737892151,0,799781799316406,0,489358365535736,0,807542264461517,0,428801983594894,1,-1
0,388393461704254,0,756214737892151,0,799781799316406,0,489358365535736,0,807542264461517,0,478573799133301,1,-1
0,39732837677002,0,754506587982178,0,803817808628082,0,494368493556976,0,809557199478149,0,525478184223175,1,-1
0,406866192817688,0,752929329872131,0,807857096195221,0,49955141544342,0,811526775360107,0,574023008346558,1,-1
0,415999233722687,0,751648485660553,0,811437129974365,0,505014538764954,0,812986969947815,0,628234505653381,1,-1
0,425753772258759,0,750526607036591,0,815019726753235,0,510697245597839,0,814350605010986,0,68746680021286,1,-1
0,435076177120209,0,749719500541687,0,818138420581818,0,516672074794769,0,815135836601257,0,753034174442291,1,-1
0,444987893104553,0,749082207679749,0,821250915527344,0,522869944572449,0,815188884735107,0,817524552345276,1,-1
0,454405665397644,0,748761534690857,0,823884248733521,0,529332995414734,0,812054753303528,0,747084558010101,1,-1
0,464316070079803,0,748570740222931,0,826520442962646,0,537171125411987,0,801739454269409,0,67973518371582,1,-1
0,473911166191101,0,748434245586395,0,829070091247559,0,544896245002747,1,0,629873692989349,1,-1
0,483309388160706,0,748252272605896,0,831876993179321,0,552427053451538,1,0,580334663391113,1,-1
0,492091476917267,0,748093962669373,0,834655106067657,0,559784591197968,1,0,1,-1
0,500870048999786,0,747833847999573,0,837547063827515,0,566752254962921,1,-0,063510000705719,1,-1
0,508825778961182,0,747592031955719,0,840139150619507,0,573410749435425,1,-0,114132903516293,1,-1
0,516731381416321,0,747230350971222,0,842682361602783,0,579610526561737,0,12736451625824,-0,162910804152489,1,-1
0,52401602268219,0,746807634830475,0,845025599002838,0,585819482803345,0,164553165435791,-0,212421000003815,1,-1
0,53220808506012,0,746561586856842,0,846681833267212,0,593387007713318,0,199613869190216,-0,274233907461166,1,-1
0,539711773395538,0,746098160743713,0,848443150520325,0,599844098091125,0,231144905090332,-0,345614403486252,1,-1
0,54817932844162,0,745658338069916,0,849817037582397,0,606661736965179,0,261232137680054,-0,412740290164948,1,-1
0,555934488773346,0,744962930679321,0,851411283016205,0,612295985221863,0,288495898246765,-0,476326197385788,1,-1
0,562748491764069,0,744100034236908,0,853022158145905,0,616900205612183,0,311794936656952,-0,527749478816986,1,-1
0,569081902503967,0,743072092533112,0,853816509246826,0,620577931404114,0,332522094249725,-0,577193975448608,1,-1
0,569081902503967,0,743072092533112,0,853816509246826,0,620577931404114,0,332522094249725,-0,62721985578537,1,-1
0,575115561485291,0,74188232421875,0,853331446647644,0,623367428779602,0,351294040679932,-0,673793971538544,1,-1
0,582048177719116,0,740800380706787,0,850666642189026,0,626650512218475,0,368891716003418,-0,723718166351318,1,-1
0,589919686317444,0,739634156227112,0,845968246459961,0,62981128692627,0,386762499809265,-0,77466744184494,1,-1
0,597780048847198,0,73841804265976,0,837456941604614,0,63265722990036,0,402863740921021,-0,824762940406799,1,-1
0,605085730552673,0,736753940582275,0,82065886259079,0,634295046329498,0,417674481868744,-0,873221933841705,1,-1
0,605085730552673,0,736753940582275,0,82065886259079,0,634295046329498,0,417674481868744,-0,921785354614258,1,-1
0,611106157302856,0,734634697437286,0,644258677959442,0,635137140750885,0,430499970912933,-0,970073640346527,1,-1
0,616662323474884,0,732613444328308,0,463497757911682,0,636463284492493,0,441047072410584,-1,1,-1
0,623781681060791,0,731136798858643,0,28016197681427,0,638565838336945,0,450982987880707,-1,1,-1
0,630980253219604,0,73039972782135,0,123366057872772,0,641464412212372,0,458343625068665,-1,1,-1
0,638680815696716,0,729026138782501,0,0340782999992371,0,643022894859314,0,463457822799683,-1,1,-1
0,645591199398041,0,727249383926392,0,0607344508171082,0,644293665885925,0,467127621173859,-1,1,-1
0,652312636375427,0,725144326686859,0,163614153862,0,646588206291199,0,470277190208435,-1,1,-1
0,658588767051697,0,722780644893646,0,266607522964478,0,648448705673218,0,471782803535461,-1,1,-1
0,664504587650299,0,719603359699249,0,357198715209961,0,649324536323547,0,471777319908142,-1,1,-1
0,670124411582947,0,716360211372375,0,416607022285461,0,652724921703339,0,467809736728668,-1,1,-1
0,675786852836609,0,712821125984192,0,465187609195709,0,655923783779144,0,461495876312256,-1,1,-1
0,681586503982544,0,70913964509964,0,505609512329102,0,659977734088898,0,452786564826965,-1,1,-1
0,681586503982544,0,70913964509964,0,505609512329102,0,659977734088898,0,452786564826965,-1,1,-1
0,687178552150726,0,704903721809387,0,539604306221008,0,665795564651489,0,441256701946259,-1,1,-1
0,691914319992065,0,700485467910767,0,568358778953552,0,671567618846893,0,426462769508362,-1,1,-1
0,696623802185059,0,695087313652039,0,592535138130188,0,679019033908844,0,407992720603943,-1,1,-1
0,700515270233154,0,690258324146271,0,613261520862579,0,68691098690033,0,384925842285156,-1,1,-1
0,706885695457459,0,681432366371155,0,646487593650818,0,70535671710968,0,320427238941193,-1,1,-1
0,70943009853363,0,678555071353912,0,659790754318237,0,714486658573151,0,275563180446625,-1,1,-1
0,711585402488709,0,677206039428711,0,671428442001343,0,725383281707764,0,21798849105835,-1,1,-1
0,713069558143616,0,677297353744507,0,68187689781189,0,735318541526794,0,142145156860352,-1,1,-1
0,714019656181335,0,678536176681519,0,691011905670166,0,744997918605804,0,0401229858398438,-1,1,-1
0,714198350906372,0,68135792016983,0,69926118850708,0,753711700439453,1,-1,1,-1
0,713637292385101,0,684748828411102,0,706487894058228,0,761732339859009,1,-1,1,-1
0,712112724781036,0,689660727977753,0,713094890117645,0,768844068050385,1,-1,1,-1
0,709840476512909,0,695938587188721,0,718842327594757,0,775676310062408,1,-1,1,-1
0,706400036811829,0,703381955623627,0,724097907543182,0,781576752662659,1,-1,1,-1
0,701869189739227,0,712519764900208,0,728661596775055,0,787178099155426,1,-1,1,-1
0,695864200592041,0,722294509410858,0,732858002185822,0,791835844516754,1,-1,1,-1
0,688473761081696,0,734319925308228,0,73646092414856,0,796213448047638,1,-1,1,-1
0,679077088832855,0,746253788471222,0,739797949790955,0,799628853797913,1,-1,1,-1
0,653573751449585,0,770529389381409,0,745257914066315,0,80491441488266,1,-1,1,-1
0,636526346206665,0,781006217002869,0,747445821762085,0,806782841682434,0,108397305011749,-1,1,-1
0,615299463272095,0,789776206016541,0,749487936496735,0,807632803916931,0,22530996799469,-1,1,-1
0,589470863342285,0,797814846038818,0,751138746738434,0,808189630508423,0,311240673065186,-1,1,-1
0,556933224201202,0,804423391819,0,752680838108063,0,807662844657898,0,378275573253632,-1,1,-1
0,516383230686188,0,810457468032837,0,753874599933624,0,806826114654541,0,430934071540833,-1,1,-1
0,462408363819122,0,815396308898926,0,754962921142578,0,804954767227173,0,474358320236206,-1,1,-1
0,389728426933289,0,819406270980835,0,755861043930054,0,802199900150299,0,510093569755554,-1,1,-1
0,297580301761627,0,823046445846558,0,75646036863327,0,799070835113525,0,540003061294556,-1,1,-1
0,16460782289505,0,825725197792053,0,75696074962616,0,794680178165436,0,565750539302826,-1,1,-1
1,0,82927280664444,0,757493317127228,1,0,613617241382599,-1,1,-1
1,1,0,75751394033432,1,0,639519453048706,-0,925134420394897,1,-1
1,1,0,756473183631897,1,0,686619818210602,0,1,-1
1,1,0,755397915840149,1,0,695745587348938,0,0697188004851341,1,-1
1,1,0,753922522068024,1,0,709262847900391,0,120531901717186,1,-1
1,1,0,753922522068024,1,0,709262847900391,0,169567495584488,1,-1
1,1,0,752470850944519,1,0,71737015247345,0,216080695390701,1,-1
1,1,0,751074016094208,1,0,722874224185944,0,265964984893799,1,-1
1,1,0,749496936798096,1,0,725801050662994,0,318762898445129,1,-1
1,1,0,74830150604248,1,0,726104199886322,0,366600006818771,1,-1
1,1,0,747596025466919,1,0,714845299720764,0,418944001197815,1,-1
1,1,0,747596025466919,1,0,714845299720764,0,469001114368439,1,-1
1,1,0,747262716293335,1,0,713966727256775,0,515229344367981,1,-1
1,1,0,747465014457703,1,0,717580795288086,0,566332519054413,1,-1
0,0112273097038269,1,0,747802734375,1,0,720653414726257,0,630792617797852,1,-1
0,0528609156608582,1,0,748306930065155,1,0,723131895065308,0,691489815711975,1,-1
0,0848755836486816,0,824224233627319,0,749215364456177,1,0,725202798843384,0,75918060541153,1,-1
0,111818313598633,0,825715780258179,0,74987655878067,1,0,726786673069,0,814147233963013,1,-1
0,130287766456604,0,827454328536987,0,750351846218109,0,645906090736389,0,728039920330048,0,864669620990753,1,-1
0,141284465789795,0,829577744007111,0,750766634941101,0,652897894382477,0,728887319564819,0,913308918476105,1,-1
0,14508855342865,0,831290602684021,0,74952358007431,0,658667147159576,0,727598667144775,0,962045133113861,1,-1
0,18370532989502,0,830125033855438,0,749302625656128,0,654799222946167,0,727926671504974,1,1,-1
0,18370532989502,0,830125033855438,0,749302625656128,0,654799222946167,0,727926671504974,1,1,-1
0,191973209381104,0,829179227352142,0,749081194400787,0,651764631271362,0,728102922439575,1,1,-1
0,194169878959656,0,828553676605225,0,748560428619385,0,650485873222351,0,727460443973541,1,1,-1
0,187149226665497,0,828362822532654,0,747829675674438,0,651812732219696,0,725835502147675,1,1,-1
0,17336893081665,0,828376173973084,0,747430205345154,0,654749751091003,0,724038183689117,1,1,-1
0,152490973472595,0,828571796417236,0,747365713119507,0,659099578857422,0,722095787525177,1,1,-1
0,152490973472595,0,828571796417236,0,747365713119507,0,659099578857422,0,722095787525177,1,1,-1
0,123826622962952,0,828925251960754,0,747636497020721,0,664645552635193,0,720035076141357,1,1,-1
0,0974931716918945,0,829050242900848,0,748577117919922,0,66901969909668,0,719042301177979,1,1,-1
0,0684269070625305,0,829077243804932,0,750157833099365,0,673270463943481,0,718732357025146,1,1,-1
0,0289483070373535,0,829153180122375,0,752303540706635,0,678482532501221,0,718596339225769,1,1,-1
1,0,829312920570374,0,754933178424835,0,684836983680725,0,718436777591705,1,1,-1
1,0,829464495182037,0,758225619792938,0,691956341266632,0,718579351902008,1,1,-1
1,0,829880356788635,0,761028289794922,0,699989259243011,0,717689871788025,0,942885100841522,1,-1
1,0,830725312232971,0,76228392124176,0,710045695304871,0,71358197927475,0,878326594829559,1,-1
1,0,831569671630859,0,763296604156494,0,720229506492615,0,708529710769653,0,828583598136902,1,-1
1,0,832136511802673,0,764067411422729,0,729336678981781,0,702883243560791,0,776154398918152,1,-1
1,0,83311003446579,0,764209270477295,0,738732695579529,0,695971846580505,0,721682488918304,1,-1
1,0,834000825881958,0,764052331447601,0,747522711753845,0,688261210918427,0,66473799943924,1,-1
1,0,835049152374268,0,763315081596375,0,755831241607666,0,679173707962036,0,601023077964783,1,-1
1,0,83588832616806,0,762260675430298,0,763578414916992,0,669102132320404,0,546890497207642,1,-1
1,0,836763501167297,0,760688245296478,0,771185278892517,0,657241106033325,0,484139204025269,1,-1
1,0,837611317634583,0,758848011493683,0,778398156166077,0,644123911857605,0,428721696138382,1,-1
1,0,838333010673523,0,75716757774353,0,785078644752502,0,630705773830414,0,364084303379059,1,-1
1,0,8390212059021,0,755247831344604,0,791336178779602,0,616111874580383,0,305872917175293,1,-1
1,0,839646518230438,0,753283143043518,0,797145426273346,0,600810468196869,0,256957620382309,1,-1
1,0,839646518230438,0,753283143043518,0,797145426273346,0,600810468196869,0,208435326814651,1,-1
1,0,840181112289429,0,751510918140411,0,802432656288147,0,58550488948822,0,161038622260094,1,-1
1,0,840691983699799,0,749658823013306,0,807363629341125,0,569550633430481,0,108005218207836,1,-1
1,0,841206192970276,0,747637569904327,0,811975240707397,0,55270904302597,0,058201014995575,1,-1
0,271880507469177,0,841706812381744,0,745673775672913,0,816241025924683,0,535841166973114,0,0082201175391674,1,-1
0,341808140277863,0,842248201370239,0,743530631065369,0,820245623588562,0,518160343170166,0,1,-1
0,341808140277863,0,842248201370239,0,743530631065369,0,820245623588562,0,518160343170166,0,1,-1
0,39800363779068,0,84279453754425,0,741545736789703,0,823949038982391,0,501066029071808,0,1,-1
0,440850675106049,0,843453884124756,0,738993644714355,0,827502608299255,0,481993794441223,0,1,-1
0,483619093894959,0,844259262084961,0,735814571380615,0,83120059967041,0,459564328193665,0,1,-1
0,520728528499603,0,845221996307373,0,732091009616852,0,834866762161255,0,434357881546021,0,1,-1
0,552433729171753,0,846348941326141,0,728005766868591,0,838436543941498,0,407316148281097,0,1,-1
0,578793168067932,0,847532629966736,0,724044024944305,0,841812610626221,0,380271553993225,0,1,-1
0,601116240024567,0,848749995231628,0,720480859279633,0,844991207122803,0,35504561662674,0,1,-1
0,620213449001312,0,850077092647552,0,716882824897766,0,848082780838013,0,329374551773071,0,1,-1
0,637353658676147,0,851488351821899,0,71353554725647,0,851075649261475,0,305199146270752,0,1,-1
0,637353658676147,0,851488351821899,0,71353554725647,0,851075649261475,0,305199146270752,0,1,-1
0,651874661445618,0,853046357631683,0,709813714027405,0,854055762290955,0,278990626335144,0,1,-1
0,665370345115662,0,854693651199341,0,706408858299255,0,856968402862549,0,254965603351593,-0,0578979030251503,1,-1
0,677483320236206,0,856472373008728,0,702934265136719,0,859867572784424,0,230549514293671,-0,125331610441208,1,-1
0,690885424613953,0,858460545539856,0,69871985912323,0,862989127635956,0,200920104980469,-0,177232205867767,1,-1
0,703653037548065,0,860643148422241,0,694155693054199,0,866166710853577,0,16889750957489,-0,226783514022827,1,-1
0,714784264564514,0,862903714179993,0,689958989620209,0,869233012199402,0,139753043651581,-0,274597525596619,1,-1
0,724627256393433,0,865234911441803,0,686388850212097,0,872174143791199,0,116480231285095,-0,325917035341263,1,-1
0,724627256393433,0,865234911441803,0,686388850212097,0,872174143791199,0,116480231285095,-0,376584351062775,1,-1
0,732555329799652,0,867680191993713,0,68283075094223,0,8750359416008,0,0950824618339539,-0,429039061069489,1,-1
0,739505708217621,0,870185971260071,0,680120348930359,0,877757728099823,0,0827528834342957,-0,48844775557518,1,-1
0,746365904808044,0,872888445854187,0,676807522773743,0,88058865070343,0,0725240707397461,-0,555622577667236,1,-1
0,752687215805054,0,875717639923096,0,673908889293671,0,883356988430023,0,0666766166687012,-0,612615346908569,1,-1
0,757984399795532,0,878656208515167,0,671486556529999,0,886003792285919,0,0660384297370911,-0,664686620235443,1,-1
0,76186466217041,0,881525158882141,0,669426381587982,0,888388335704803,0,0702311396598816,-0,713108122348785,1,-1
0,764620959758759,0,884376406669617,0,668076932430267,0,890571355819702,0,0803946256637573,-0,762201011180878,1,-1
0,767025887966156,0,887475371360779,0,666872382164001,0,892838418483734,0,0930695533752441,-0,813894629478455,1,-1
0,767025887966156,0,887475371360779,0,666872382164001,0,892838418483734,0,0930695533752441,-0,862582802772522,1,-1
0,768048107624054,0,890830099582672,0,665237188339233,0,895192861557007,0,1053426861763,-0,910220086574554,1,-1
0,768549978733063,0,89420872926712,0,664317011833191,0,897437214851379,0,122613310813904,-0,961358964443207,1,-1
0,765895903110504,0,897223770618439,0,664179682731628,0,899148166179657,0,148600697517395,-1,1,-1
0,76231974363327,0,900216817855835,0,664651989936829,0,900720953941345,0,180281460285187,-1,1,-1
0,756218671798706,0,903228223323822,0,664858877658844,0,902195036411285,0,210711359977722,-1,1,-1
0,748326778411865,0,906087160110474,0,665806412696838,0,903408348560333,0,244295477867126,-1,1,-1
0,748326778411865,0,906087160110474,0,665806412696838,0,903408348560333,0,244295477867126,-1,1,-1
0,736599802970886,0,908847630023956,0,666471123695374,0,904428422451019,0,27586829662323,-1,1,-1
0,721678972244263,0,911360919475555,0,66787314414978,0,905094861984253,0,308388411998749,-1,1,-1
0,700367331504822,0,913690686225891,0,668916642665863,0,905486702919006,0,339115262031555,-1,1,-1
0,672698080539703,0,915705919265747,0,670120060443878,0,905431568622589,0,368666231632233,-1,1,-1
0,632534146308899,0,917477667331696,0,671231687068939,0,905016601085663,0,396624267101288,-1,1,-1
0,577062964439392,0,918889403343201,0,672357559204102,0,904048442840576,0,423044443130493,-1,1,-1
0,0398595929145813,0,920197784900665,0,673321485519409,0,902835190296173,0,447792887687683,-1,1,-1
0,0514720678329468,0,921401977539063,0,674060702323914,0,901374161243439,0,47077476978302,-0,935288488864899,1,-1
0,0616515874862671,0,922368764877319,0,674656927585602,0,899428009986877,0,492162585258484,-0,863487958908081,1,-1
0,0718879699707031,0,923165678977966,0,674991250038147,0,897105813026428,0,511888921260834,-0,81169056892395,1,-1
0,0805811882019043,0,923691749572754,0,675138473510742,0,89415580034256,0,530188679695129,-0,758656561374664,1,-1
0,0899709463119507,0,92372190952301,0,675131916999817,0,890195071697235,0,547203302383423,-0,710468471050262,1,-1
0,0960954427719116,0,923569858074188,0,674795567989349,0,885621070861816,0,56288731098175,-0,661457479000092,1,-1
0,0960954427719116,0,923569858074188,0,674795567989349,0,885621070861816,0,56288731098175,-0,610413074493408,1,-1
0,101133525371552,0,923135817050934,0,674224197864532,0,880172431468964,0,577192842960358,-0,554494857788086,1,-1
0,103271305561066,0,922503054141998,0,673333466053009,0,874062776565552,0,590049207210541,-0,495770752429962,1,-1
0,107997238636017,0,921232342720032,0,672425031661987,0,866142153739929,0,601954996585846,-0,432297348976135,1,-1
0,114432334899902,0,919585227966309,0,671297252178192,0,85704243183136,0,612697124481201,-0,378354042768478,1,-1
0,123917102813721,0,91766756772995,0,670021414756775,0,84641170501709,0,622546315193176,-0,32519793510437,1,-1
0,138332009315491,0,91564154624939,0,66850334405899,0,834933817386627,0,631384432315826,-0,276058852672577,1,-1
0,155140995979309,0,913372993469238,0,666890621185303,0,821729063987732,0,639501929283142,-0,225349545478821,1,-1
0,173171639442444,0,911001443862915,0,665135324001312,0,807500600814819,0,6468266248703,-0,176001638174057,1,-1
0,194482982158661,0,908410429954529,0,663372337818146,0,791315495967865,0,653595626354218,-0,125232040882111,1,-1
0,194482982158661,0,908410429954529,0,663372337818146,0,791315495967865,0,653595626354218,-0,0761907398700714,1,-1
0,218489646911621,0,905350506305695,0,661706864833832,0,77261346578598,0,659966588020325,-0,0277803391218185,1,-1
0,244978725910187,0,901761114597321,0,660298943519592,0,750162839889526,0,666040301322937,0,1,-1
0,272384107112885,0,897932767868042,0,659051716327667,0,725585281848907,0,671650469303131,0,1,-1
0,304631114006042,0,89401239156723,0,657917261123657,0,69816929101944,0,67693293094635,0,1,-1
0,335198163986206,0,890179216861725,0,6568803191185,0,669700980186462,0,681812524795532,0,1,-1
0,366747200489044,0,885847091674805,0,656323790550232,0,63448578119278,0,686623692512512,0,1,-1
0,366747200489044,0,885847091674805,0,656323790550232,0,63448578119278,0,686623692512512,0,1,-1
0,392634809017181,0,881371080875397,0,656073093414307,0,181159377098084,0,691205859184265,0,1,-1
0,417003989219666,0,876528680324554,0,656309247016907,0,191178917884827,0,695746660232544,0,1,-1
0,43755978345871,0,871629655361176,0,656884670257568,0,201259732246399,0,700127184391022,0,1,-1
0,457147598266602,0,866465389728546,0,65792179107666,0,210127949714661,0,70450097322464,0,0643118992447853,1,-1
0,473756909370422,0,861630439758301,0,659074783325195,0,220162153244019,0,708685636520386,0,132580190896988,1,-1
0,490110754966736,0,856527626514435,0,660732567310333,0,229144036769867,0,71292519569397,0,182635486125946,1,-1
0,504231810569763,0,851524353027344,0,662289559841156,0,238581120967865,0,716682434082031,0,236621975898743,1,-1
0,518160283565521,0,846380591392517,0,664423584938049,0,247216045856476,0,720646440982819,0,294704079627991,1,-1
0,530295729637146,0,841453433036804,0,666349530220032,0,254772305488586,0,72414493560791,0,348834574222565,1,-1
0,541176438331604,0,836182117462158,0,669157683849335,0,262036979198456,0,727988719940186,0,401520282030106,1,-1
0,550387024879456,0,830983936786652,0,672222316265106,0,269108235836029,0,731754302978516,0,453687578439713,1,-1
0,558676600456238,0,825873851776123,0,67596048116684,0,27601021528244,0,735719799995422,0,503249406814575,1,-1
0,558676600456238,0,825873851776123,0,67596048116684,0,27601021528244,0,735719799995422,0,554415881633759,1,-1
0,564984261989594,0,821115911006927,0,680218636989594,0,282610237598419,0,739378154277802,0,609009563922882,1,-1
0,570683598518372,0,816590905189514,0,685452878475189,0,288989663124084,0,743222534656525,0,673694670200348,1,-1
0,574847340583801,0,812467336654663,0,690848410129547,0,295157670974731,0,746744751930237,0,734409272670746,1,-1
0,577496290206909,0,808731317520142,0,6964390873909,0,301141858100891,0,75007688999176,0,782760858535767,1,-1
0,579255044460297,0,805326700210571,0,702741384506226,0,306912302970886,0,753529667854309,0,834862470626831,1,-1
0,578882396221161,0,802435755729675,0,708885312080383,0,312424421310425,0,756532430648804,0,884360671043396,1,-1
0,577294647693634,0,799932897090912,0,715587854385376,0,317633509635925,0,759553194046021,0,936785697937012,1,-1
0,573087811470032,0,797973811626434,0,721948623657227,0,32248055934906,0,762001514434814,0,986784279346466,1,-1
0,56730443239212,0,796392440795898,0,728746891021729,0,326901078224182,0,764411270618439,1,1,-1
0,56730443239212,0,796392440795898,0,728746891021729,0,326901078224182,0,764411270618439,1,1,-1
0,558228373527527,0,795321464538574,0,735026717185974,0,330830037593842,0,766142010688782,1,1,-1
0,547081828117371,0,794548988342285,0,74160623550415,0,334199547767639,0,767796874046326,1,1,-1
0,534219861030579,0,79388153553009,0,74754923582077,0,33730947971344,0,769045412540436,1,1,-1
0,519928812980652,0,793269217014313,0,754163980484009,0,339821517467499,0,770656168460846,1,1,-1
0,507589042186737,0,792815685272217,0,75993937253952,0,34199196100235,0,771646559238434,1,1,-1
0,494309961795807,0,792738914489746,0,765592813491821,0,343176603317261,0,772112965583801,1,1,-1
0,485106289386749,0,792739152908325,0,770410060882568,0,343993961811066,0,771936893463135,1,1,-1
0,476462662220001,0,793015956878662,0,775064826011658,0,343651533126831,0,771188855171204,1,1,-1
0,468072891235352,0,793591797351837,0,778858780860901,0,34216183423996,0,769271731376648,1,1,-1
0,463189840316772,0,794008135795593,0,782985985279083,0,339711785316467,0,767530024051666,1,1,-1
0,463189840316772,0,794008135795593,0,782985985279083,0,339711785316467,0,767530024051666,1,1,-1
0,458490133285522,0,794439852237701,0,786747634410858,0,33608216047287,0,765177488327026,1,1,-1
0,45389062166214,0,795415639877319,0,793083488941193,0,324195563793182,0,758090496063232,1,1,-1
0,45389062166214,0,795415639877319,0,793083488941193,0,324195563793182,0,758090496063232,1,1,-1
0,454119563102722,0,79676079750061,0,796319186687469,0,304543316364288,0,745218515396118,1,1,-1
0,457690834999084,0,797211408615112,0,797471046447754,0,291940629482269,0,737492322921753,0,940305709838867,1,-1
0,461506843566895,0,797569036483765,0,798043668270111,0,2771235704422,0,728267550468445,0,874570608139038,1,-1
0,461506843566895,0,797569036483765,0,798043668270111,0,2771235704422,0,728267550468445,0,825390100479126,1,-1
0,467992901802063,0,797726988792419,0,79845130443573,0,261417508125305,0,718163430690765,0,774554789066315,1,-1
0,474372982978821,0,797787129878998,0,798279881477356,0,246792793273926,0,706222116947174,0,712259769439697,1,-1
0,479996383190155,0,797606587409973,0,798078596591949,0,236864149570465,0,693607568740845,0,646277487277985,1,-1
0,488562047481537,0,797169208526611,0,795249998569489,0,225283026695251,0,660194277763367,0,716687202453613,1,-1
0,492172241210938,0,796793818473816,0,793130338191986,0,223413825035095,0,639923512935638,0,779802680015564,1,-1
0,492172241210938,0,796793818473816,0,793130338191986,0,223413825035095,0,639923512935638,0,830580711364746,1,-1
0,495832145214081,0,796282410621643,0,790796399116516,0,224428117275238,0,622301340103149,0,878854036331177,1,-1
0,497263789176941,0,795805931091309,0,787174344062805,0,226382195949554,0,605080783367157,0,927323818206787,1,-1
0,498975694179535,0,795228242874146,0,783239424228668,0,231395602226257,0,591094970703125,0,978029847145081,1,-1
0,499708890914917,0,794589459896088,0,778470516204834,0,238115072250366,0,581317126750946,0,915859639644623,1,-1
0,499531149864197,0,793768703937531,0,773509860038757,0,245840013027191,0,57343864440918,0,852236270904541,1,-1
0,497999370098114,0,792872071266174,0,767669916152954,0,256966710090637,0,567301392555237,0,765922963619232,1,-1
0,496617913246155,0,791901171207428,0,761309623718262,0,267984986305237,0,563630223274231,0,717542290687561,1,-1
0,49419641494751,0,790876090526581,0,753919124603271,0,279646158218384,0,560376763343811,0,78239780664444,1,-1
0,486079335212708,0,78845888376236,0,737560331821442,0,29956978559494,0,56042206287384,0,857814788818359,1,-1
0,481389403343201,0,787177562713623,0,728144586086273,0,308114290237427,0,563022971153259,0,927414774894714,1,-1
0,475342035293579,0,785809516906738,0,717304646968842,0,315873503684998,0,565378785133362,0,866603255271912,1,-1
0,467213749885559,0,78417706489563,0,704656660556793,0,323062777519226,0,569357216358185,0,802683472633362,1,-1
0,457343339920044,0,782454013824463,0,690514206886292,0,329370677471161,0,573520064353943,0,752157151699066,1,-1
0,447414577007294,0,78068220615387,0,675679683685303,0,334901988506317,0,578527450561523,0,699883937835693,1,-1
0,447414577007294,0,78068220615387,0,675679683685303,0,334901988506317,0,578527450561523,0,649417638778687,1,-1
0,435380160808563,0,778746783733368,0,662063002586365,0,807676434516907,0,583472371101379,0,601816058158875,1,-1
0,422780275344849,0,776816308498383,0,649360537528992,0,815924286842346,0,588037371635437,0,550989151000977,1,-1
0,408119022846222,0,774773597717285,0,639279246330261,0,822644054889679,0,592004656791687,0,498809546232224,1,-1
0,394738733768463,0,772824823856354,0,630384385585785,0,828422069549561,0,595705628395081,0,447769343852997,1,-1
0,381758749485016,0,770840883255005,0,623761773109436,0,833445966243744,0,598955452442169,0,396456450223923,1,-1
0,381758749485016,0,770840883255005,0,623761773109436,0,833445966243744,0,598955452442169,0,347377955913544,1,-1
0,374828279018402,0,76907205581665,0,617808282375336,0,837715804576874,0,602081954479218,0,299340754747391,1,-1
0,368104696273804,0,767401039600372,0,614542841911316,0,841655611991882,0,604930281639099,0,237224847078323,1,-1
0,365555584430695,0,766101002693176,0,611254870891571,0,845243632793427,0,607809901237488,0,177632838487625,1,-1
0,362201809883118,0,764786839485168,0,609943032264709,0,848846435546875,0,60972011089325,0,113804832100868,1,-1
0,362516164779663,0,763914525508881,0,608689963817596,0,852203965187073,0,611400842666626,0,0619504339993,1,-1
0,362174212932587,0,763449370861053,0,607837319374084,0,855239987373352,0,61232590675354,0,0132913328707218,1,-1
0,364914953708649,0,763660967350006,0,608882367610931,0,857919454574585,0,613499224185944,0,1,-1
0,367642521858215,0,764529764652252,0,609225749969482,0,860434353351593,0,614139974117279,0,1,-1
0,37076997756958,0,766294300556183,0,611558735370636,0,862656712532043,0,615129411220551,0,1,-1
0,37076997756958,0,766294300556183,0,611558735370636,0,862656712532043,0,615129411220551,0,1,-1
0,375607132911682,0,768912434577942,0,614136755466461,0,864753305912018,0,615772008895874,0,0630954056978226,1,-1
0,385654985904694,0,777168154716492,0,620500922203064,0,866668224334717,0,617465853691101,0,126134395599365,1,-1
0,392402172088623,0,781780242919922,0,624281764030457,0,867996215820313,0,616578280925751,0,0655826926231384,1,-1
0,399573445320129,0,787445783615112,0,627621650695801,0,868068337440491,0,615634262561798,0,00277289003133774,1,-1
0,399573445320129,0,787445783615112,0,627621650695801,0,868068337440491,0,615634262561798,0,1,-1
0,411924600601196,0,802769541740417,0,63652503490448,0,864094316959381,0,615165770053864,0,1,-1
0,418212592601776,0,812843382358551,0,641016721725464,0,373486161231995,0,615439772605896,0,1,-1
0,425323843955994,0,824445486068726,0,64502477645874,0,375709652900696,0,615558326244354,0,1,-1
0,432712078094482,0,837809801101685,0,649163067340851,0,378279805183411,0,616234064102173,0,0710162967443466,1,-1
0,439643383026123,0,852754712104797,0,652856171131134,0,381086945533752,0,616699457168579,0,133950293064117,1,-1
0,446774244308472,0,869458258152008,0,656659603118896,0,384160876274109,0,617581486701965,0,1834646910429,1,-1
0,453522741794586,0,883233487606049,0,66000372171402,0,387363374233246,0,618079423904419,0,234993889927864,1,-1
0,462596654891968,0,891080617904663,0,663097858428955,0,389611601829529,0,616932511329651,0,284891694784164,1,-1
0,462596654891968,0,891080617904663,0,663097858428955,0,389611601829529,0,616932511329651,0,335755497217178,1,-1
0,470755517482758,0,896493256092072,0,665368318557739,0,391841351985931,0,61490672826767,0,383152782917023,1,-1
0,478513598442078,0,900561690330505,0,66797935962677,0,394084572792053,0,613429188728333,0,433270782232285,1,-1
0,485908329486847,0,903989136219025,0,670179307460785,0,396224617958069,0,611363232135773,0,37603497505188,1,-1
0,493674159049988,0,906502246856689,0,672485947608948,0,39829695224762,0,609385967254639,0,311337888240814,1,-1
0,501074612140656,0,90841805934906,0,674283146858215,0,400205314159393,0,606608152389526,0,260246396064758,1,-1
0,508809804916382,0,909948170185089,0,676279067993164,0,40207040309906,0,604078948497772,0,201822593808174,1,-1
0,516153156757355,0,910685837268829,0,677829265594482,0,40383905172348,0,600862622261047,0,144428998231888,1,-1
0,523724317550659,0,911282777786255,0,679586231708527,0,405679762363434,0,598013401031494,0,221632793545723,1,-1
0,530938267707825,0,91095507144928,0,68097972869873,0,407477021217346,0,594606041908264,0,295716881752014,1,-1
0,538343191146851,0,910491585731506,0,682519435882568,0,409288823604584,0,591438412666321,0,343763083219528,1,-1
0,54541289806366,0,909282684326172,0,683657288551331,0,410942554473877,0,589064955711365,0,393435001373291,1,-1
0,552685856819153,0,907747507095337,0,684895813465118,0,412469148635864,0,586875319480896,0,444343507289886,1,-1
0,55960077047348,0,905674874782562,0,685644268989563,0,413663625717163,0,583769559860229,0,495097815990448,1,-1
0,566729545593262,0,902986109256744,0,686454832553864,0,414537787437439,0,582903027534485,0,546729028224945,1,-1
0,566729545593262,0,902986109256744,0,686454832553864,0,414537787437439,0,582903027534485,0,595881938934326,1,-1
0,573438763618469,0,900074005126953,0,686659514904022,0,414816439151764,0,581666111946106,0,642168045043945,1,-1
0,580376505851746,0,896060407161713,0,686875462532043,0,414503991603851,0,580328583717346,0,693740725517273,1,-1
0,586603879928589,0,891784965991974,0,686494708061218,0,413242638111115,0,579645037651062,0,742900252342224,1,-1
0,593254923820496,0,88640958070755,0,686471879482269,0,411665797233582,0,58059960603714,0,792923450469971,1,-1
0,593254923820496,0,88640958070755,0,686471879482269,0,411665797233582,0,58059960603714,0,842712044715881,1,-1
0,599719166755676,0,8791663646698,0,686225652694702,0,409276962280273,0,581160008907318,0,899967968463898,1,-1
0,605675101280212,0,869773745536804,0,685629963874817,0,405058681964874,0,582605302333832,0,959814965724945,1,-1
0,616438210010529,0,821293711662292,0,68272477388382,0,391586601734161,0,585969984531403,1,1,-1
0,616438210010529,0,821293711662292,0,68272477388382,0,391586601734161,0,585969984531403,1,1,-1
0,621662795543671,0,806712687015533,0,6809121966362,0,382521331310272,0,589386701583862,1,1,-1
0,626541674137115,0,800029873847961,0,678436815738678,0,370266437530518,0,593029379844666,1,1,-1
0,630430102348328,0,797774791717529,0,674550592899323,0,354789197444916,0,595508992671967,1,1,-1
0,634738445281982,0,796270251274109,0,671052217483521,0,336794495582581,0,601487934589386,1,1,-1
0,638430893421173,0,796101152896881,0,666724503040314,0,315254628658295,0,606610715389252,1,1,-1
0,638430893421173,0,796101152896881,0,666724503040314,0,315254628658295,0,606610715389252,1,1,-1
0,641929030418396,0,796527564525604,0,662433505058289,0,289514660835266,0,614316999912262,1,1,-1
0,643791496753693,0,798752546310425,0,656446874141693,1,0,621449589729309,1,1,-1
0,646010220050812,0,800286173820496,0,650496125221252,1,0,630037307739258,1,1,-1
0,647525489330292,0,802021086215973,0,644025325775146,1,0,639997661113739,1,1,-1
0,648388862609863,0,804277181625366,0,637982487678528,1,0,649301588535309,1,1,-1
0,64864718914032,0,806284785270691,0,631751835346222,1,0,659354448318481,1,1,-1
0,64819747209549,0,808528184890747,0,627796709537506,1,0,668622493743896,1,1,-1
0,646846652030945,0,810502946376801,0,623649299144745,0,0443604588508606,0,677099466323853,1,1,-1
0,645299017429352,0,81208997964859,0,622611582279205,0,0333121418952942,0,685276687145233,1,1,-1
0,642595708370209,0,813610434532166,0,621171355247498,0,0220591425895691,0,692823648452759,1,1,-1
0,639614939689636,0,814831733703613,0,623036205768585,1,0,700006902217865,1,1,-1
0,635297417640686,0,816040098667145,0,624237596988678,1,0,70656418800354,1,1,-1
0,629690170288086,0,817520797252655,0,627952098846436,1,0,712048888206482,1,1,-1
0,623152732849121,0,818780660629272,0,630832552909851,1,0,716840088367462,1,1,-1
0,615309536457062,0,820141911506653,0,636537790298462,1,0,720928549766541,1,1,-1
0,606243431568146,0,821306109428406,0,641441524028778,0,054186999797821,0,724304676055908,0,92526251077652,1,-1
0,584496200084686,0,822960257530212,0,657819032669067,0,0460144877433777,0,730575025081635,0,85569429397583,1,-1
0,571467995643616,0,82352888584137,0,668840050697327,0,0864612460136414,0,733215093612671,0,794905304908752,1,-1
0,555983781814575,0,824012458324432,0,679488480091095,0,152459502220154,0,735455214977264,0,736660897731781,1,-1
0,538020789623261,0,824599146842957,0,6905837059021,0,273366749286652,0,736833691596985,0,66913628578186,1,-1
0,516295850276947,0,825286030769348,0,700014412403107,0,366302609443665,0,737098693847656,0,611928105354309,1,-1
0,49451744556427,0,825551629066467,0,709278225898743,0,432371497154236,0,737783312797546,0,560813784599304,1,-1
0,49451744556427,0,825551629066467,0,709278225898743,0,432371497154236,0,737783312797546,0,512108206748962,1,-1
0,469659805297852,0,825722992420197,0,717384517192841,0,48270857334137,0,737983167171478,0,465460300445557,1,-1
0,440917909145355,0,825830578804016,0,724756479263306,0,522719442844391,0,737880945205688,0,414896190166473,1,-1
0,406564831733704,0,825950682163239,0,730939745903015,0,555275082588196,0,73704320192337,0,363244295120239,1,-1
1,0,825767636299133,0,737007617950439,0,58087694644928,0,736603379249573,0,312844604253769,1,-1
1,0,825631856918335,0,742085933685303,0,602730095386505,0,735445261001587,0,257905602455139,1,-1
1,0,825631856918335,0,742085933685303,0,602730095386505,0,735445261001587,0,207512199878693,1,-1
1,0,825331926345825,0,746881604194641,0,620757400989532,0,734387099742889,0,159462094306946,1,-1
1,0,825004696846008,0,75100564956665,0,636108338832855,0,732940554618835,0,111425191164017,1,-1
1,0,824537634849548,0,754873037338257,0,64888459444046,0,731615424156189,0,0610116943717003,1,-1
0,00644034147262573,0,824024677276611,0,758262038230896,0,659790456295013,0,730090022087097,0,130407392978668,1,-1
0,0173999667167664,0,823385059833527,0,761567652225494,0,668930768966675,0,728862702846527,0,210088893771172,1,-1
0,0269514918327332,0,822754979133606,0,764421999454498,0,67695140838623,0,727372407913208,0,277094781398773,1,-1
0,0364394187927246,0,822061538696289,0,767212212085724,0,683913707733154,0,726104021072388,0,331319481134415,1,-1
0,0447483062744141,0,821440994739532,0,769540309906006,0,690316915512085,0,724411904811859,0,383403986692429,1,-1
0,053287148475647,0,820808172225952,0,771811664104462,0,696136653423309,0,722830474376678,0,433410078287125,1,-1
0,0607509613037109,0,820299029350281,0,77359002828598,0,701766669750214,0,720621705055237,0,376101076602936,1,-1
0,071550190448761,0,820014357566834,0,774750590324402,0,708987891674042,0,716352105140686,0,313262164592743,1,-1
0,0798414349555969,0,819758415222168,0,775572776794434,0,71555370092392,0,711675763130188,0,263848274946213,1,-1
0,0870764851570129,0,819432079792023,0,776512444019318,0,721366465091705,0,707395553588867,0,214212372899055,1,-1
0,0932458639144897,0,81915009021759,0,777145564556122,0,726746618747711,0,702704608440399,0,161667972803116,1,-1
0,0932458639144897,0,81915009021759,0,777145564556122,0,726746618747711,0,702704608440399,0,113604970276356,1,-1
0,0998835563659668,0,81881856918335,0,777874290943146,0,731574892997742,0,698354840278625,0,0654921680688858,1,-1
0,105657756328583,0,818533837795258,0,778343856334686,0,736038625240326,0,693687975406647,0,0164304673671722,1,-1
0,112551808357239,0,818205296993256,0,778944969177246,0,739996254444122,0,689524531364441,0,1,-1
0,119243919849396,0,81791764497757,0,77936863899231,0,743621349334717,0,685241460800171,0,1,-1
0,1260946393013,0,817602694034576,0,779930174350739,0,746821224689484,0,681548833847046,0,1,-1
0,133452236652374,0,817336678504944,0,780351340770721,0,749759316444397,0,677830398082733,0,1,-1
0,141860842704773,0,817061185836792,0,780905485153198,0,752360641956329,0,674736738204956,0,1,-1
0,153464496135712,0,816915392875671,0,780864715576172,0,755914151668549,0,669157028198242,0,1,-1
0,163147330284119,0,816837668418884,0,780326902866364,0,75913679599762,0,662911117076874,0,1,-1
0,174053549766541,0,816764414310455,0,779962778091431,0,761972188949585,0,657363712787628,0,1,-1
0,183470606803894,0,816759288311005,0,779360830783844,0,764580368995667,0,651608169078827,0,1,-1
0,183470606803894,0,816759288311005,0,779360830783844,0,764580368995667,0,651608169078827,0,1,-1
0,192896664142609,0,816749691963196,0,779030203819275,0,766889989376068,0,646846294403076,0,1,-1
0,201890587806702,0,816818237304688,0,778501629829407,0,769078969955444,0,641883134841919,0,1,-1
0,216926217079163,0,816969096660614,0,777473270893097,0,772087872028351,0,634212613105774,0,1,-1
0,229258954524994,0,817181706428528,0,776209950447083,0,77484917640686,0,626273274421692,0,1,-1
0,240109145641327,0,817378580570221,0,775315642356873,0,777286350727081,0,61968195438385,-0,0662117972970009,1,-1
0,251326858997345,0,817638456821442,0,774435698986053,0,779552459716797,0,613437414169312,-0,138687297701836,1,-1
0,262783169746399,0,817912638187408,0,773822426795959,0,781592726707459,0,608392477035522,-0,202421993017197,1,-1
0,272397994995117,0,818282961845398,0,773018717765808,0,783510208129883,0,603249669075012,-0,26347228884697,1,-1
0,28691178560257,0,818714022636414,0,771706283092499,0,786077320575714,0,594548165798187,-0,313133984804153,1,-1
0,298171818256378,0,819201171398163,0,770276308059692,0,788327753543854,0,0660526156425476,-0,360758692026138,1,-1
0,309220492839813,0,81970077753067,0,769311845302582,0,79020369052887,0,0790600776672363,-0,412177801132202,1,-1
0,324235677719116,0,8202885389328,0,767547488212585,0,79257071018219,0,0918200612068176,-0,466401010751724,1,-1
0,324235677719116,0,8202885389328,0,767547488212585,0,79257071018219,0,0918200612068176,-0,519844830036163,1,-1
0,336099028587341,0,820852339267731,0,766406655311584,0,79444020986557,0,104446291923523,-0,571006536483765,1,-1
0,344599366188049,0,821455121040344,0,765482127666473,0,795883059501648,0,115586280822754,-0,625849843025208,1,-1
0,350656151771545,0,822058796882629,0,765181541442871,0,79687237739563,0,12663209438324,-0,567091524600983,1,-1
0,359431028366089,0,822760224342346,0,764040470123291,0,798285305500031,0,137016654014587,-0,504622220993042,1,-1
0,365703821182251,0,823434352874756,0,763648092746735,0,79921418428421,0,147541999816895,-0,453716427087784,1,-1
0,374567151069641,0,824195683002472,0,762556850910187,0,800516486167908,0,157671451568604,-0,403750240802765,1,-1
0,380976498126984,0,824832797050476,0,762091279029846,0,801323890686035,0,16771399974823,-0,350934326648712,1,-1
0,384571671485901,0,82541161775589,0,761722564697266,0,801626086235046,0,176403403282166,-0,4266417324543,1,-1
0,392881035804749,0,826353669166565,0,760840892791748,0,802721917629242,0,185643076896667,-0,507622539997101,1,-1
0,401488125324249,0,827527821063995,0,759262323379517,0,804242372512817,0,193676292896271,-0,563373029232025,1,-1
0,407013237476349,0,828426241874695,0,758564114570618,0,804974913597107,0,202288568019867,-0,503606736660004,1,-1
0,412328958511353,0,830112218856812,0,75788551568985,0,805415868759155,0,216922998428345,-0,423859834671021,1,-1
0,42268168926239,0,833242654800415,0,756612777709961,0,805920720100403,0,235879004001617,-0,615035116672516,1,-1
0,427681505680084,0,834346950054169,0,756047606468201,0,806074380874634,0,242074608802795,-0,679478108882904,1,-1
0,431860029697418,0,835294425487518,0,755829930305481,0,805791795253754,0,248058795928955,-0,728134512901306,1,-1
0,434313178062439,0,836157202720642,0,755696952342987,0,80500328540802,0,252802193164825,-0,777702033519745,1,-1
0,434313178062439,0,836157202720642,0,755696952342987,0,80500328540802,0,252802193164825,-0,827140212059021,1,-1
0,439513981342316,0,837397515773773,0,756539702415466,0,801572322845459,0,260535955429077,-0,899291694164276,1,-1
0,441939115524292,0,838125467300415,0,756937921047211,0,799488961696625,0,261979699134827,-0,959999084472656,1,-1
0,443985462188721,0,838938891887665,0,757031202316284,0,797126591205597,0,261882603168488,-1,1,-1
0,443985462188721,0,838938891887665,0,757031202316284,0,797126591205597,0,261882603168488,-1,1,-1
0,447655379772186,0,839537143707275,0,757503628730774,0,793971419334412,0,260276079177856,-1,1,-1
0,449960708618164,0,84006941318512,0,757711052894592,0,790238261222839,0,2568199634552,-1,1,-1
0,453504204750061,0,840227782726288,0,758376836776733,0,78534346818924,0,251451432704926,-1,1,-1
0,457252681255341,0,840199828147888,0,758746743202209,0,779573500156403,0,24379289150238,-1,1,-1
0,460902571678162,0,83965539932251,0,75936096906662,0,772189438343048,0,233733713626862,-1,1,-1
0,460902571678162,0,83965539932251,0,75936096906662,0,772189438343048,0,233733713626862,-1,1,-1
0,466375052928925,0,83881676197052,0,759748101234436,0,763530731201172,0,220807313919067,-1,1,-1
0,476633965969086,0,83569860458374,0,760341823101044,0,740266621112823,0,184743583202362,-1,1,-1
0,482479274272919,0,833900809288025,0,760310351848602,0,726287484169006,0,160354256629944,-1,1,-1
0,482479274272919,0,833900809288025,0,760310351848602,0,726287484169006,0,160354256629944,-1,1,-1
0,487328708171844,0,831533074378967,0,76014232635498,0,709235966205597,0,130723774433136,-1,1,-1
0,491995453834534,0,828795254230499,0,759735584259033,0,689281582832336,0,0946096181869507,-1,1,-1
0,495528995990753,0,825347602367401,0,759124875068665,0,665384650230408,0,0500079393386841,-1,1,-1
0,498656690120697,0,821326732635498,0,758234798908234,0,642752170562744,1,-1,1,-1
0,500381827354431,0,816366672515869,0,757065117359161,0,625856995582581,1,-1,1,-1
0,500126004219055,0,810793101787567,0,755482017993927,0,612525343894959,1,-1,1,-1
0,498571515083313,0,803950428962708,0,75359970331192,0,600443661212921,1,-1,1,-1
0,498571515083313,0,803950428962708,0,75359970331192,0,600443661212921,1,-1,1,-1
0,495901644229889,0,796358704566956,0,751264989376068,0,592029452323914,1,-1,1,-1
0,491398870944977,0,787095546722412,0,748538196086884,0,585685551166534,0,0349297523498535,-1,1,-1
0,485332667827606,0,776771605014801,0,745287179946899,0,581114947795868,0,0831527709960938,-1,1,-1
0,477162539958954,0,764259934425354,0,741520881652832,0,577971756458282,0,240326762199402,-1,1,-1
0,467030882835388,0,750310182571411,0,737128078937531,1,0,292858302593231,-1,1,-1
0,454320907592773,0,733358800411224,0,732041716575623,1,0,410199165344238,-0,943728089332581,1,-1
0,439043283462524,1,0,726202249526978,1,0,455776154994965,-0,882406890392303,1,-1
0,419861853122711,1,0,719370663166046,1,0,770167112350464,-0,831659495830536,1,-1
0,396438837051392,1,0,71167516708374,1,0,783920347690582,-0,772161722183228,1,-1
0,37183690071106,1,0,703125,1,0,792855083942413,-0,702389538288116,1,-1
0,34247761964798,1,0,693295300006866,1,0,800507962703705,-0,63379180431366,1,-1
0,308474600315094,1,0,699939906597137,1,0,806563854217529,-0,576607584953308,1,-1
0,269371867179871,1,0,714954435825348,1,0,812006890773773,-0,519472301006317,1,-1
0,222881078720093,1,0,736647605895996,1,0,816964864730835,-0,462899804115295,1,-1
0,168039679527283,1,0,755805730819702,1,0,821227192878723,-0,412869095802307,1,-1
0,168039679527283,1,0,755805730819702,1,0,821227192878723,-0,362456798553467,1,-1
0,103375732898712,1,0,772745668888092,1,0,825270771980286,-0,313315600156784,1,-1
0,0274131894111633,1,0,787683308124542,1,0,829144835472107,-0,264494210481644,1,-1
1,1,0,793465316295624,1,0,832972347736359,-0,21430242061615,1,-1
1,1,0,802004218101501,1,0,836700439453125,-0,164234519004822,1,-1
1,1,0,811739087104797,1,0,840390563011169,-0,113195516169071,1,-1
1,1,0,811739087104797,1,0,840390563011169,-0,0652384161949158,1,-1
1,1,0,817406475543976,1,0,844001293182373,-0,0142060145735741,1,-1
1,1,0,822736978530884,1,0,84760844707489,0,1,-1
1,1,0,827328264713287,1,0,851237297058105,0,1,-1
1,1,0,831247627735138,1,0,85491555929184,0,1,-1
1,1,0,835921466350555,1,0,858694195747375,0,1,-1
1,1,0,833399534225464,1,0,862672865390778,0,1,-1
1,1,0,832604587078094,1,0,866194009780884,0,1,-1
1,1,0,8325275182724,1,0,869761288166046,0,1,-1
1,1,0,8325275182724,1,0,869761288166046,0,1,-1
1,1,0,832917392253876,1,0,873391032218933,0,1,-1
1,1,0,827879846096039,1,0,876633822917938,0,1,-1
1,1,0,825145483016968,1,0,87964528799057,0,1,-1
1,1,0,822588562965393,1,0,882704257965088,0,1,-1
1,1,0,813670516014099,1,0,885093212127686,0,0651338994503021,1,-1
1,1,0,806399464607239,1,0,887350857257843,0,129407703876495,1,-1
1,1,0,798116028308868,1,0,889235079288483,0,188917204737663,1,-1
1,1,0,773812651634216,1,0,89041668176651,0,247118398547173,1,-1
1,1,0,74794214963913,1,0,891013622283936,0,312852591276169,1,-1
1,1,0,712796330451965,1,0,890825271606445,0,373176276683807,1,-1
1,1,0,660072565078735,1,0,889833092689514,0,425126671791077,1,-1
1,1,0,542645215988159,1,0,888422846794128,0,475498467683792,1,-1
1,0,671030759811401,0,269821286201477,1,0,886873722076416,0,529403984546661,1,-1
1,0,671030759811401,0,269821286201477,1,0,886873722076416,0,578776180744171,1,-1
1,0,678171873092651,0,113803029060364,0,545556664466858,0,885120749473572,0,523432195186615,1,-1
1,0,682180762290955,0,879417181015015,0,553297340869904,0,881171584129334,0,456606894731522,1,-1
1,0,682627320289612,0,893147647380829,0,552152395248413,0,879878699779511,0,405768901109695,1,-1
1,0,683281421661377,0,899706840515137,0,550445079803467,0,878404498100281,0,353192090988159,1,-1
1,0,683852314949036,0,904175877571106,0,548117160797119,0,877541065216064,0,30287578701973,1,-1
1,0,684363126754761,0,907330274581909,0,545430600643158,0,87715607881546,0,253369182348251,1,-1
1,0,68487948179245,0,909393727779388,0,543307244777679,0,87687885761261,0,322398573160172,1,-1
1,0,685396611690521,0,91057825088501,0,541612029075623,0,876779079437256,0,413835883140564,1,-1
1,0,685917615890503,0,910890221595764,0,540324747562408,0,876868486404419,0,469976663589478,1,-1
1,0,686445951461792,0,910507917404175,0,539463460445404,0,877141058444977,0,521414339542389,1,-1
1,0,686985909938812,0,91049188375473,0,539068460464478,0,877579212188721,0,571230828762054,1,-1
1,0,687647581100464,0,910379230976105,0,539371907711029,0,877733469009399,0,511892914772034,1,-1
1,0,688270807266235,0,910325169563293,0,538748979568481,0,878212690353394,0,44808891415596,1,-1
1,0,689049005508423,0,909697473049164,0,538289427757263,0,877804577350616,0,398314714431763,1,-1
1,0,689689159393311,0,90930849313736,0,539897084236145,0,877289712429047,0,348009824752808,1,-1
1,0,690093636512756,0,908911883831024,0,542218148708344,0,876448333263397,0,298843413591385,1,-1
1,0,690093636512756,0,908911883831024,0,542218148708344,0,876448333263397,0,245948314666748,1,-1
1,0,690317869186401,0,90837299823761,0,544568240642548,0,875196218490601,0,200380116701126,1,-1
1,0,690932214260101,0,907648921012878,0,548253417015076,0,873489677906036,0,150639206171036,1,-1
1,0,691593050956726,0,907023727893829,0,552324771881104,0,871801972389221,0,101349800825119,1,-1
1,0,692354023456573,0,906443119049072,0,556814312934875,0,870062470436096,0,0401108004152775,1,-1
1,0,69322806596756,0,905885696411133,0,561646580696106,0,86825692653656,0,1,-1
1,0,694457411766052,0,904914855957031,0,566999852657318,0,865683674812317,0,1,-1
1,0,695027589797974,0,904176950454712,0,571258723735809,0,863444209098816,0,1,-1
1,0,695515215396881,0,903552293777466,0,575267672538757,0,861383438110352,0,1,-1
1,0,69592010974884,0,903122365474701,0,57883882522583,0,859718084335327,0,1,-1
1,0,696322023868561,0,902559399604797,0,582103669643402,0,857892394065857,0,1,-1
1,0,696667671203613,0,902168393135071,0,585003316402435,0,856436252593994,0,1,-1
1,0,696986556053162,0,90184223651886,0,587598443031311,0,855170011520386,0,1,-1
1,0,697294175624847,0,901504993438721,0,590378105640411,0,853787183761597,0,1,-1
1,0,697294175624847,0,901504993438721,0,590378105640411,0,853787183761597,0,1,-1
1,0,697627067565918,0,901025295257568,0,59315413236618,0,852137088775635,0,1,-1
1,0,697961390018463,0,900557994842529,0,595787823200226,0,850537538528442,0,1,-1
1,0,698311030864716,0,900061070919037,0,598281502723694,0,84892326593399,0,1,-1
1,0,698681354522705,0,899530649185181,0,600643157958984,0,84728991985321,0,1,-1
1,0,699075818061829,0,898964822292328,0,602885901927948,0,845633566379547,0,1,-1
1,0,699456393718719,0,898521602153778,0,604904174804688,0,844280600547791,0,1,-1
1,0,699903726577759,0,897856175899506,0,606953740119934,0,84251868724823,0,1,-1
1,0,700332045555115,0,897367358207703,0,608787715435028,0,841166257858276,0,1,-1
1,0,70082426071167,0,896676063537598,0,610691249370575,0,839422583580017,0,1,-1
1,0,70082426071167,0,896676063537598,0,610691249370575,0,839422583580017,0,1,-1
1,0,701302766799927,0,896150171756744,0,612401008605957,0,838072299957275,0,1,-1
1,0,701819956302643,0,895463705062866,0,614184200763702,0,836429357528687,0,1,-1
1,0,702341377735138,0,894909262657166,0,615815997123718,0,835095882415771,0,1,-1
1,0,702915132045746,0,894177198410034,0,617543637752533,0,833413124084473,0,1,-1
1,0,703529119491577,0,893408238887787,0,61926931142807,0,831666946411133,0,1,-1
1,0,703529119491577,0,893408238887787,0,61926931142807,0,831666946411133,0,1,-1
1,0,704143047332764,0,89275324344635,0,620850145816803,0,830215454101563,0,1,-1
1,0,704817175865173,0,891921699047089,0,622520267963409,0,828401565551758,0,1,-1
1,0,7054682970047,0,891257524490356,0,624021351337433,0,827027201652527,0,1,-1
1,0,706182479858398,0,890405416488647,0,625649333000183,0,825240850448608,0,1,-1
1,0,706894338130951,0,889690637588501,0,627144575119019,0,823798656463623,0,1,-1
1,0,707668423652649,0,888771831989288,0,628771960735321,0,821909189224243,0,1,-1
1,0,708471596240997,0,887833297252655,0,630412817001343,0,81998735666275,0,1,-1
1,0,709272444248199,0,887018859386444,0,631923973560333,0,818391382694244,0,1,-1
1,0,710116446018219,0,886045038700104,0,633530080318451,0,816463112831116,0,1,-1
1,0,710991024971008,0,885041296482086,0,635155141353607,0,814475774765015,0,1,-1
1,0,711862146854401,0,884165585041046,0,63665759563446,0,812824547290802,0,1,-1
1,0,712783455848694,0,883117735385895,0,63826185464859,0,810792088508606,0,1,-1
1,0,714643120765686,0,881168007850647,0,641327500343323,0,807170212268829,0,1,-1
1,0,716574370861053,0,879178822040558,0,644408583641052,0,803534030914307,0,1,-1
1,0,716574370861053,0,879178822040558,0,644408583641052,0,803534030914307,0,1,-1
1,0,717584550380707,0,878079533576965,0,64604389667511,0,801469087600708,0,1,-1
1,0,719648063182831,0,875952064990997,0,649226069450378,0,7975834608078,0,1,-1
1,0,720724582672119,0,87476259469986,0,650863945484161,0,795379817485809,0,1,-1
1,0,721788704395294,0,873748302459717,0,652376234531403,0,793631076812744,0,1,-1
1,0,721788704395294,0,873748302459717,0,652376234531403,0,793631076812744,0,1,-1
0,00181186199188232,0,722898483276367,0,872529149055481,0,654020845890045,0,791392266750336,0,1,-1
0,0110676884651184,0,724019825458527,0,871323525905609,0,65568745136261,0,789177358150482,0,1,-1
0,0206025838851929,0,725159406661987,0,870093464851379,0,657368123531342,0,786917209625244,0,1,-1
0,0298005342483521,0,72628790140152,0,86901581287384,0,658930242061615,0,785069346427917,0,1,-1
0,0388679504394531,0,727461814880371,0,867728590965271,0,660602271556854,0,782731175422668,0,1,-1
0,0483964681625366,0,728644609451294,0,8664630651474,0,662289261817932,0,780438482761383,0,1,-1
0,0576118230819702,0,729815244674683,0,865355372428894,0,663858413696289,0,778575658798218,0,1,-1
0,06684809923172,0,731020390987396,0,86406147480011,0,665533065795898,0,776276707649231,0,1,-1
0,0764778852462769,0,732236802577972,0,862782776355743,0,667230486869812,0,773997366428375,0,1,-1
0,085802435874939,0,733441531658173,0,861662983894348,0,668813705444336,0,772152781486511,0,1,-1
0,0949877500534058,0,73468953371048,0,860324025154114,0,670513927936554,0,76977801322937,0,1,-1
0,10464745759964,0,735943377017975,0,859015822410584,0,672233283519745,0,767462015151978,0,1,-1
0,114019870758057,0,737184226512909,0,857871532440186,0,673837602138519,0,765597105026245,0,1,-1
0,123254179954529,0,738468706607819,0,856494903564453,0,675562918186188,0,76316511631012,0,1,-1
0,123254179954529,0,738468706607819,0,856494903564453,0,675562918186188,0,76316511631012,0,1,-1
0,132968902587891,0,739756882190704,0,85515570640564,0,677304625511169,0,760806381702423,0,1,-1
0,142930328845978,0,741057276725769,0,853801727294922,0,679061472415924,0,758416414260864,0,1,-1
0,152601540088654,0,742343664169312,0,852615475654602,0,680705189704895,0,756491601467133,0,1,-1
0,162047982215881,0,743675708770752,0,851178586483002,0,6824631690979,0,753959894180298,0,1,-1
0,1719731092453,0,745007991790771,0,849796652793884,0,684231698513031,0,751541554927826,0,1,-1
0,1719731092453,0,745007991790771,0,849796652793884,0,684231698513031,0,751541554927826,0,1,-1
0,181636154651642,0,746325254440308,0,848587810993195,0,685886979103088,0,749605417251587,0,1,-1
0,191136956214905,0,747685194015503,0,84713613986969,0,687660336494446,0,74706768989563,0,1,-1
0,201095461845398,0,749045133590698,0,845732688903809,0,689448058605194,0,744624674320221,0,1,-1
0,21128237247467,0,75041526556015,0,844318032264709,0,691251516342163,0,742154896259308,0,1,-1
0,221203207969666,0,751769661903381,0,843079328536987,0,692943692207336,0,740179061889648,0,1,-1
0,230863869190216,0,753170192241669,0,841569483280182,0,694750070571899,0,737538576126099,0,1,-1
0,241003394126892,0,75456702709198,0,840132355690002,0,696564376354218,0,735049068927765,0,1,-1
0,250906348228455,0,755947828292847,0,838876068592072,0,698268175125122,0,733069598674774,0,1,-1
0,260619461536407,0,757371485233307,0,837357640266418,0,700089693069458,0,730432748794556,0,1,-1
0,270785808563232,0,758792102336884,0,835901975631714,0,701923489570618,0,727920651435852,0,1,-1
0,270785808563232,0,758792102336884,0,835901975631714,0,701923489570618,0,727920651435852,0,1,-1
0,291309118270874,0,761633634567261,0,83315509557724,0,705514550209045,0,723365545272827,0,0,-1
0,301181435585022,0,763093233108521,0,831578016281128,0,707371473312378,0,720615923404694,0,0,-1
0,311382830142975,0,7645423412323,0,83009260892868,0,709231495857239,0,718053221702576,0,0,-1
